0 200.563 200.513
0.2 174.655 124.663
0.4 149.962 95.2061
0.6 127.892 77.7693
0.8 108.917 65.8184
1 93.0173 57.0585
1.2 79.9122 50.3969
1.4 69.2228 45.2214
1.6 60.5602 41.1489
1.8 53.5678 37.9197
2 47.9374 35.3474
2.2 43.4103 33.2926
2.4 39.7737 31.6484
2.6 36.8539 30.3315
2.8 34.5104 29.2761
3 32.6299 28.4299
3.2 31.121 27.7512
3.4 29.9105 27.207
3.6 28.9393 26.7704
3.8 28.1602 26.4202
4 27.5351 26.1393
4.2 27.0337 25.914
4.4 26.6315 25.7332
4.6 26.3088 25.5882
4.8 26.0499 25.4718
5 25.8423 25.3785
5.2 25.6757 25.3036
5.4 25.542 25.2436
5.6 25.4348 25.1954
5.8 25.3488 25.1568
6 25.2798 25.1258
6.2 25.2245 25.1009
6.4 25.1801 25.0809
6.6 25.1445 25.0649
6.8 25.1159 25.0521
7 25.093 25.0418
7.2 25.0746 25.0335
7.4 25.0598 25.0269
7.6 25.048 25.0216
7.8 25.0385 25.0173
8 25.0309 25.0139
8.2 25.0248 25.0111
8.4 25.0199 25.0089
8.6 25.0159 25.0072
8.8 25.0128 25.0057
9 25.0103 25.0046
9.2 25.0082 25.0037
9.4 25.0066 25.003
9.6 25.0053 25.0024
9.8 25.0042 25.0019
10 25.0034 25.0015
10.2 25.0027 25.0012
10.4 25.0022 25.001
10.6 25.0018 25.0008
10.8 25.0014 25.0006
11 25.0011 25.0005
11.2 25.0009 25.0004
11.4 25.0007 25.0003
11.6 25.0006 25.0003
11.8 25.0005 25.0002
12 25.0004 25.0002
12.2 25.0003 25.0001
12.4 25.0002 25.0001
12.6 25.0002 25.0001
12.8 25.0002 25.0001
13 25.0001 25.0001
13.2 25.0001 25
13.4 25.0001 25
13.6 25.0001 25
13.8 25.0001 25
14 25 25
14.2 25 25
14.4 25 25
14.6 25 25
14.8 25 25
15 25 25
15.2 25 25
15.4 25 25
15.6 25 25
15.8 25 25
16 25 25
16.2 25 25
16.4 25 25
16.6 25 25
16.8 25 25
17 25 25
17.2 25 25
17.4 25 25
17.6 25 25
17.8 25 25
18 25 25
18.2 25 25
18.4 25 25
18.6 25 25
18.8 25 25
19 25 25
19.2 25 25
19.4 25 25
19.6 25 25
19.8 25 25
