0 200.979 200.977
0.2 196.495 195.363
0.4 191.398 189.828
0.6 186.312 184.554
0.8 181.329 179.5
1 176.474 174.636
1.2 171.757 169.94
1.4 167.18 165.4
1.6 162.743 161.008
1.8 158.443 156.757
2 154.278 152.642
2.2 150.244 148.657
2.4 146.336 144.798
2.6 142.552 141.061
2.8 138.887 137.443
3 135.338 133.938
3.2 131.901 130.545
3.4 128.573 127.259
3.6 125.35 124.077
3.8 122.23 120.996
4 119.208 118.013
4.2 116.282 115.124
4.4 113.449 112.327
4.6 110.706 109.618
4.8 108.049 106.996
5 105.478 104.457
5.2 102.988 101.999
5.4 100.578 99.6189
5.6 98.2443 97.315
5.8 95.9853 95.0847
6 93.7985 92.9256
6.2 91.6817 90.8357
6.4 89.6327 88.8126
6.6 87.6494 86.8545
6.8 85.7298 84.9593
7 83.8721 83.1251
7.2 82.0742 81.35
7.4 80.3343 79.6323
7.6 78.6508 77.9701
7.8 77.0218 76.3617
8 75.4457 74.8057
8.2 73.9209 73.3002
8.4 72.4459 71.8439
8.6 71.0192 70.4353
8.8 69.6392 69.0728
9 68.3047 67.7552
9.2 67.0142 66.4811
9.4 65.7664 65.2492
9.6 64.5601 64.0582
9.8 63.394 62.9069
10 62.267 61.7942
10.2 61.1779 60.7189
10.4 60.1256 59.68
10.6 59.109 58.6763
10.8 58.1272 57.7069
11 57.179 56.7707
11.2 56.2635 55.8669
11.4 55.3798 54.9944
11.6 54.5271 54.1525
11.8 53.7044 53.3402
12 52.9108 52.5567
12.2 52.1457 51.8013
12.4 51.4081 51.0731
12.6 50.6975 50.3714
12.8 50.0129 49.6956
13 49.3538 49.0448
13.2 48.7195 48.4186
13.4 48.1093 47.8161
13.6 47.5226 47.2369
13.8 46.9588 46.6802
14 46.4174 46.1457
14.2 45.8977 45.6326
14.4 45.3993 45.1405
14.6 44.9217 44.6689
14.8 44.4643 44.2173
15 44.0267 43.7853
15.2 43.6084 43.3723
15.4 43.2091 42.9781
15.6 42.8283 42.6021
15.8 42.4656 42.244
16 42.1207 41.9035
16.2 41.7932 41.5802
16.4 41.4828 41.2737
16.6 41.1892 40.9838
16.8 40.912 40.7101
17 40.651 40.4524
17.2 40.406 40.2105
17.4 40.1766 39.984
17.6 39.9626 39.7727
17.8 39.7639 39.5765
18 39.5802 39.395
18.2 39.4114 39.2282
18.4 39.2573 39.0758
18.6 39.1178 38.9375
18.8 38.9929 38.8133
19 38.8826 38.7027
19.2 38.7872 38.6052
19.4 38.7072 38.5202
19.6 38.6438 38.4464
19.8 38.5993 38.3812
