0 200.574 200.573
0.2 194.359 192.487
0.4 187.836 185.261
0.6 181.413 178.553
0.8 175.17 172.22
1 169.137 166.197
1.2 163.324 160.444
1.4 157.734 154.939
1.6 152.363 149.665
1.8 147.207 144.609
2 142.258 139.76
2.2 137.509 135.109
2.4 132.952 130.648
2.6 128.58 126.369
2.8 124.385 122.263
3 120.361 118.324
3.2 116.5 114.546
3.4 112.796 110.921
3.6 109.242 107.443
3.8 105.833 104.107
4 102.563 100.906
4.2 99.425 97.8354
4.4 96.4151 94.8898
4.6 93.5277 92.0641
4.8 90.7578 89.3533
5 88.1006 86.7529
5.2 85.5517 84.2584
5.4 83.1065 81.8655
5.6 80.761 79.5701
5.8 78.5112 77.3682
6 76.3531 75.2562
6.2 74.283 73.2304
6.4 72.2974 71.2872
6.6 70.393 69.4235
6.8 68.5664 67.6359
7 66.8145 65.9214
7.2 65.1343 64.2771
7.4 63.5229 62.7001
7.6 61.9776 61.1878
7.8 60.4957 59.7375
8 59.0746 58.3468
8.2 57.712 57.0133
8.4 56.4055 55.7347
8.6 55.1528 54.5088
8.8 53.9518 53.3335
9 52.8005 52.2067
9.2 51.6969 51.1266
9.4 50.639 50.0914
9.6 49.6251 49.0991
9.8 48.6534 48.1482
10 47.7223 47.237
10.2 46.8301 46.3638
10.4 45.9754 45.5274
10.6 45.1566 44.7261
10.8 44.3724 43.9587
11 43.6215 43.2237
11.2 42.9024 42.52
11.4 42.2141 41.8464
11.6 41.5552 41.2016
11.8 40.9248 40.5847
12 40.3217 39.9944
12.2 39.7448 39.4299
12.4 39.1932 38.8901
12.6 38.666 38.3741
12.8 38.1622 37.8811
13 37.681 37.4101
13.2 37.2215 36.9604
13.4 36.7829 36.5313
13.6 36.3646 36.1219
13.8 35.9658 35.7315
14 35.5857 35.3596
14.2 35.2238 35.0055
14.4 34.8795 34.6685
14.6 34.5521 34.3481
14.8 34.241 34.0437
15 33.9459 33.7548
15.2 33.666 33.4809
15.4 33.401 33.2216
15.6 33.1504 32.9764
15.8 32.9138 32.7448
16 32.6908 32.5265
16.2 32.481 32.3212
16.4 32.2839 32.1284
16.6 32.0994 31.9478
16.8 31.9271 31.7791
17 31.7666 31.6221
17.2 31.6177 31.4764
17.4 31.4802 31.3418
17.6 31.3538 31.2181
17.8 31.2383 31.105
18 31.1334 31.0024
18.2 31.0391 30.9101
18.4 30.9552 30.828
18.6 30.8814 30.7558
18.8 30.8178 30.6935
19 30.7641 30.641
19.2 30.7203 30.5981
19.4 30.6863 30.5649
19.6 30.6621 30.5412
19.8 30.6476 30.527
