0 200.198 200.197
0.2 189.857 184.835
0.4 179.591 172.853
0.6 169.681 162.377
0.8 160.241 152.894
1 151.323 144.184
1.2 142.941 136.129
1.4 135.086 128.648
1.6 127.738 121.688
1.8 120.872 115.204
2 114.461 109.16
2.2 108.476 103.523
2.4 102.89 98.2645
2.6 97.6765 93.3592
2.8 92.8121 88.7827
3 88.273 84.5128
3.2 84.0376 80.5288
3.4 80.0857 76.8116
3.6 76.3983 73.3433
3.8 72.9578 70.1072
4 69.7475 67.0877
4.2 66.7521 64.2704
4.4 63.9573 61.6417
4.6 61.3495 59.1889
4.8 58.9163 56.9004
5 56.646 54.765
5.2 54.5277 52.7726
5.4 52.5512 50.9136
5.6 50.707 49.179
5.8 48.9863 47.5605
6 47.3807 46.0504
6.2 45.8827 44.6414
6.4 44.4849 43.3267
6.6 43.1807 42.1001
6.8 41.9639 40.9555
7 40.8285 39.8876
7.2 39.7691 38.8912
7.4 38.7806 37.9615
7.6 37.8584 37.0941
7.8 36.9978 36.2847
8 36.1949 35.5295
8.2 35.4458 34.8249
8.4 34.7468 34.1675
8.6 34.0947 33.5541
8.8 33.4862 32.9818
9 32.9185 32.4478
9.2 32.3888 31.9496
9.4 31.8946 31.4848
9.6 31.4335 31.0511
9.8 31.0033 30.6465
10 30.6019 30.2689
10.2 30.2275 29.9167
10.4 29.8781 29.5881
10.6 29.5522 29.2816
10.8 29.2481 28.9956
11 28.9644 28.7288
11.2 28.6998 28.4799
11.4 28.4529 28.2477
11.6 28.2227 28.0311
11.8 28.0079 27.8291
12 27.8075 27.6406
12.2 27.6206 27.4649
12.4 27.4463 27.3009
12.6 27.2838 27.1481
12.8 27.1322 27.0055
13 26.9909 26.8726
13.2 26.8591 26.7486
13.4 26.7363 26.6331
13.6 26.6218 26.5254
13.8 26.5151 26.425
14 26.4157 26.3315
14.2 26.323 26.2444
14.4 26.2368 26.1632
14.6 26.1564 26.0877
14.8 26.0816 26.0173
15 26.012 25.9519
15.2 25.9473 25.891
15.4 25.8871 25.8344
15.6 25.8312 25.7818
15.8 25.7793 25.7329
16 25.7311 25.6876
16.2 25.6864 25.6456
16.4 25.645 25.6067
16.6 25.6067 25.5707
16.8 25.5714 25.5374
17 25.5387 25.5067
17.2 25.5087 25.4785
17.4 25.4811 25.4525
17.6 25.4558 25.4287
17.8 25.4327 25.407
18 25.4117 25.3872
18.2 25.3927 25.3693
18.4 25.3755 25.3532
18.6 25.3602 25.3387
18.8 25.3466 25.3258
19 25.3348 25.3145
19.2 25.3246 25.3046
19.4 25.3161 25.296
19.6 25.3094 25.2886
19.8 25.3047 25.2821
