0 0 200
0 0.01 90.206
0 0.02 48.7045
0 0.03 33.4951
0 0.04 28.0172
0 0.05 26.0652
0 0.06 25.3744
0 0.07 25.1312
0 0.08 25.0458
0 0.09 25.016
0 0.1 25.0056
0 0.11 25.0019
0 0.12 25.0007
0 0.13 25.0002
0 0.14 25.0001
0 0.15 25
0 0.16 25
0 0.17 25
0 0.18 25
0 0.19 25
0 0.2 25
0 0.21 25
0 0.22 25
0 0.23 25
0 0.24 25
0 0.25 25
0 0.26 25
0 0.27 25
0 0.28 25
0 0.29 25
0 0.3 25
0 0.31 25
0 0.32 25
0 0.33 25
0 0.34 25
0 0.35 25
0 0.36 25
0 0.37 25
0 0.38 25
0 0.39 25
0 0.4 25
0 0.41 25
0 0.42 25
0 0.43 25
0 0.44 25
0 0.45 25
0 0.46 25
0 0.47 25
0 0.48 25
0 0.49 25
0 0.5 25
0 0.51 25
0 0.52 25
0 0.53 25
0 0.54 25
0 0.55 25
0 0.56 25
0 0.57 25
0 0.58 25
0 0.59 25
0 0.6 25
0 0.61 25
0 0.62 25
0 0.63 25
0 0.64 25
0 0.65 25
0 0.66 25
0 0.67 25
0 0.68 25
0 0.69 25
0 0.7 25
0 0.71 25
0 0.72 25
0 0.73 25
0 0.74 25
0 0.75 25
0 0.76 25
0 0.77 25
0 0.78 25
0 0.79 25
0 0.8 25
0 0.81 25
0 0.82 25
0 0.83 25
0 0.84 25
0 0.85 25
0 0.86 25
0 0.87 25
0 0.88 25
0 0.89 25
0 0.9 25
0 0.91 25
0 0.92 25
0 0.93 25
0 0.94 25
0 0.95 25
0 0.96 25
0 0.97 25
0 0.98 25
0 0.99 25
0 1 25
0 1.01 25
0 1.02 25
0 1.03 25
0 1.04 25
0 1.05 25
0 1.06 25
0 1.07 25
0 1.08 25
0 1.09 25
0 1.1 25
0 1.11 25
0 1.12 25
0 1.13 25
0 1.14 25
0 1.15 25
0 1.16 25
0 1.17 25
0 1.18 25
0 1.19 25
0 1.2 25
0 1.21 25
0 1.22 25
0 1.23 25
0 1.24 25
0 1.25 25
0 1.26 25
0 1.27 25
0 1.28 25
0 1.29 25
0 1.3 25
0 1.31 25
0 1.32 25
0 1.33 25
0 1.34 25
0 1.35 25
0 1.36 25
0 1.37 25
0 1.38 25
0 1.39 25
0 1.4 25
0 1.41 25
0 1.42 25
0 1.43 25
0 1.44 25
0 1.45 25
0 1.46 25
0 1.47 25
0 1.48 25
0 1.49 25
0 1.5 25
0 1.51 25
0 1.52 25
0 1.53 25
0 1.54 25
0 1.55 25
0 1.56 25
0 1.57 25
0 1.58 25
0 1.59 25
0 1.6 25
0 1.61 25
0 1.62 25
0 1.63 25
0 1.64 25
0 1.65 25
0 1.66 25
0 1.67 25
0 1.68 25
0 1.69 25
0 1.7 25
0 1.71 25
0 1.72 25
0 1.73 25
0 1.74 25
0 1.75 25
0 1.76 25
0 1.77 25
0 1.78 25
0 1.79 25
0 1.8 25
0 1.81 25
0 1.82 25
0 1.83 25
0 1.84 25
0 1.85 25
0 1.86 25
0 1.87 25
0 1.88 25
0 1.89 25
0 1.9 25
0 1.91 25
0 1.92 25
0 1.93 25
0 1.94 25
0 1.95 25
0 1.96 25
0 1.97 25
0 1.98 25
0 1.99 25
0 2 25

100 0 200
100 0.01 189.531
100 0.02 179.134
100 0.03 168.871
100 0.04 158.803
100 0.05 148.982
100 0.06 139.459
100 0.07 130.274
100 0.08 121.463
100 0.09 113.055
100 0.1 105.072
100 0.11 97.5313
100 0.12 90.4442
100 0.13 83.8166
100 0.14 77.6495
100 0.15 71.9394
100 0.16 66.6786
100 0.17 61.856
100 0.18 57.457
100 0.19 53.4642
100 0.2 49.8582
100 0.21 46.6176
100 0.22 43.72
100 0.23 41.1419
100 0.24 38.8594
100 0.25 36.8487
100 0.26 35.0861
100 0.27 33.5487
100 0.28 32.2143
100 0.29 31.0619
100 0.3 30.0714
100 0.31 29.2244
100 0.32 28.5035
100 0.33 27.893
100 0.34 27.3786
100 0.35 26.947
100 0.36 26.5869
100 0.37 26.2878
100 0.38 26.0405
100 0.39 25.837
100 0.4 25.6704
100 0.41 25.5347
100 0.42 25.4246
100 0.43 25.3357
100 0.44 25.2643
100 0.45 25.2072
100 0.46 25.1617
100 0.47 25.1257
100 0.48 25.0973
100 0.49 25.075
100 0.5 25.0575
100 0.51 25.044
100 0.52 25.0335
100 0.53 25.0254
100 0.54 25.0191
100 0.55 25.0144
100 0.56 25.0108
100 0.57 25.008
100 0.58 25.006
100 0.59 25.0044
100 0.6 25.0032
100 0.61 25.0024
100 0.62 25.0017
100 0.63 25.0013
100 0.64 25.0009
100 0.65 25.0007
100 0.66 25.0005
100 0.67 25.0003
100 0.68 25.0002
100 0.69 25.0002
100 0.7 25.0001
100 0.71 25.0001
100 0.72 25.0001
100 0.73 25
100 0.74 25
100 0.75 25
100 0.76 25
100 0.77 25
100 0.78 25
100 0.79 25
100 0.8 25
100 0.81 25
100 0.82 25
100 0.83 25
100 0.84 25
100 0.85 25
100 0.86 25
100 0.87 25
100 0.88 25
100 0.89 25
100 0.9 25
100 0.91 25
100 0.92 25
100 0.93 25
100 0.94 25
100 0.95 25
100 0.96 25
100 0.97 25
100 0.98 25
100 0.99 25
100 1 25
100 1.01 25
100 1.02 25
100 1.03 25
100 1.04 25
100 1.05 25
100 1.06 25
100 1.07 25
100 1.08 25
100 1.09 25
100 1.1 25
100 1.11 25
100 1.12 25
100 1.13 25
100 1.14 25
100 1.15 25
100 1.16 25
100 1.17 25
100 1.18 25
100 1.19 25
100 1.2 25
100 1.21 25
100 1.22 25
100 1.23 25
100 1.24 25
100 1.25 25
100 1.26 25
100 1.27 25
100 1.28 25
100 1.29 25
100 1.3 25
100 1.31 25
100 1.32 25
100 1.33 25
100 1.34 25
100 1.35 25
100 1.36 25
100 1.37 25
100 1.38 25
100 1.39 25
100 1.4 25
100 1.41 25
100 1.42 25
100 1.43 25
100 1.44 25
100 1.45 25
100 1.46 25
100 1.47 25
100 1.48 25
100 1.49 25
100 1.5 25
100 1.51 25
100 1.52 25
100 1.53 25
100 1.54 25
100 1.55 25
100 1.56 25
100 1.57 25
100 1.58 25
100 1.59 25
100 1.6 25
100 1.61 25
100 1.62 25
100 1.63 25
100 1.64 25
100 1.65 25
100 1.66 25
100 1.67 25
100 1.68 25
100 1.69 25
100 1.7 25
100 1.71 25
100 1.72 25
100 1.73 25
100 1.74 25
100 1.75 25
100 1.76 25
100 1.77 25
100 1.78 25
100 1.79 25
100 1.8 25
100 1.81 25
100 1.82 25
100 1.83 25
100 1.84 25
100 1.85 25
100 1.86 25
100 1.87 25
100 1.88 25
100 1.89 25
100 1.9 25
100 1.91 25
100 1.92 25
100 1.93 25
100 1.94 25
100 1.95 25
100 1.96 25
100 1.97 25
100 1.98 25
100 1.99 25
100 2 25

200 0 200
200 0.01 192.197
200 0.02 184.432
200 0.03 176.737
200 0.04 169.145
200 0.05 161.681
200 0.06 154.371
200 0.07 147.233
200 0.08 140.284
200 0.09 133.537
200 0.1 127.004
200 0.11 120.692
200 0.12 114.608
200 0.13 108.759
200 0.14 103.147
200 0.15 97.7761
200 0.16 92.6468
200 0.17 87.7596
200 0.18 83.1138
200 0.19 78.7075
200 0.2 74.538
200 0.21 70.6019
200 0.22 66.8948
200 0.23 63.4116
200 0.24 60.1465
200 0.25 57.0931
200 0.26 54.2446
200 0.27 51.5936
200 0.28 49.1323
200 0.29 46.8528
200 0.3 44.7467
200 0.31 42.8056
200 0.32 41.021
200 0.33 39.3842
200 0.34 37.8868
200 0.35 36.5202
200 0.36 35.276
200 0.37 34.1462
200 0.38 33.1227
200 0.39 32.1978
200 0.4 31.3642
200 0.41 30.6146
200 0.42 29.9423
200 0.43 29.3407
200 0.44 28.8039
200 0.45 28.326
200 0.46 27.9016
200 0.47 27.5257
200 0.48 27.1935
200 0.49 26.9007
200 0.5 26.6432
200 0.51 26.4175
200 0.52 26.2199
200 0.53 26.0475
200 0.54 25.8975
200 0.55 25.7671
200 0.56 25.6543
200 0.57 25.5567
200 0.58 25.4726
200 0.59 25.4003
200 0.6 25.3383
200 0.61 25.2853
200 0.62 25.24
200 0.63 25.2014
200 0.64 25.1687
200 0.65 25.1409
200 0.66 25.1175
200 0.67 25.0977
200 0.68 25.0811
200 0.69 25.0671
200 0.7 25.0555
200 0.71 25.0457
200 0.72 25.0376
200 0.73 25.0308
200 0.74 25.0252
200 0.75 25.0206
200 0.76 25.0168
200 0.77 25.0137
200 0.78 25.0111
200 0.79 25.009
200 0.8 25.0072
200 0.81 25.0058
200 0.82 25.0047
200 0.83 25.0038
200 0.84 25.003
200 0.85 25.0024
200 0.86 25.0019
200 0.87 25.0015
200 0.88 25.0012
200 0.89 25.001
200 0.9 25.0008
200 0.91 25.0006
200 0.92 25.0005
200 0.93 25.0004
200 0.94 25.0003
200 0.95 25.0002
200 0.96 25.0002
200 0.97 25.0001
200 0.98 25.0001
200 0.99 25.0001
200 1 25.0001
200 1.01 25
200 1.02 25
200 1.03 25
200 1.04 25
200 1.05 25
200 1.06 25
200 1.07 25
200 1.08 25
200 1.09 25
200 1.1 25
200 1.11 25
200 1.12 25
200 1.13 25
200 1.14 25
200 1.15 25
200 1.16 25
200 1.17 25
200 1.18 25
200 1.19 25
200 1.2 25
200 1.21 25
200 1.22 25
200 1.23 25
200 1.24 25
200 1.25 25
200 1.26 25
200 1.27 25
200 1.28 25
200 1.29 25
200 1.3 25
200 1.31 25
200 1.32 25
200 1.33 25
200 1.34 25
200 1.35 25
200 1.36 25
200 1.37 25
200 1.38 25
200 1.39 25
200 1.4 25
200 1.41 25
200 1.42 25
200 1.43 25
200 1.44 25
200 1.45 25
200 1.46 25
200 1.47 25
200 1.48 25
200 1.49 25
200 1.5 25
200 1.51 25
200 1.52 25
200 1.53 25
200 1.54 25
200 1.55 25
200 1.56 25
200 1.57 25
200 1.58 25
200 1.59 25
200 1.6 25
200 1.61 25
200 1.62 25
200 1.63 25
200 1.64 25
200 1.65 25
200 1.66 25
200 1.67 25
200 1.68 25
200 1.69 25
200 1.7 25
200 1.71 25
200 1.72 25
200 1.73 25
200 1.74 25
200 1.75 25
200 1.76 25
200 1.77 25
200 1.78 25
200 1.79 25
200 1.8 25
200 1.81 25
200 1.82 25
200 1.83 25
200 1.84 25
200 1.85 25
200 1.86 25
200 1.87 25
200 1.88 25
200 1.89 25
200 1.9 25
200 1.91 25
200 1.92 25
200 1.93 25
200 1.94 25
200 1.95 25
200 1.96 25
200 1.97 25
200 1.98 25
200 1.99 25
200 2 25

300 0 200
300 0.01 193.284
300 0.02 186.597
300 0.03 179.967
300 0.04 173.418
300 0.05 166.97
300 0.06 160.64
300 0.07 154.443
300 0.08 148.389
300 0.09 142.487
300 0.1 136.742
300 0.11 131.16
300 0.12 125.744
300 0.13 120.497
300 0.14 115.421
300 0.15 110.516
300 0.16 105.783
300 0.17 101.223
300 0.18 96.8349
300 0.19 92.6183
300 0.2 88.5719
300 0.21 84.6943
300 0.22 80.9837
300 0.23 77.4379
300 0.24 74.0545
300 0.25 70.8307
300 0.26 67.7635
300 0.27 64.8496
300 0.28 62.0854
300 0.29 59.4673
300 0.3 56.9912
300 0.31 54.6531
300 0.32 52.4486
300 0.33 50.3733
300 0.34 48.4227
300 0.35 46.5921
300 0.36 44.8769
300 0.37 43.2724
300 0.38 41.7737
300 0.39 40.3762
300 0.4 39.0751
300 0.41 37.8656
300 0.42 36.7432
300 0.43 35.7033
300 0.44 34.7413
300 0.45 33.8529
300 0.46 33.0337
300 0.47 32.2797
300 0.48 31.5868
300 0.49 30.951
300 0.5 30.3686
300 0.51 29.836
300 0.52 29.3498
300 0.53 28.9066
300 0.54 28.5033
300 0.55 28.1369
300 0.56 27.8046
300 0.57 27.5037
300 0.58 27.2318
300 0.59 26.9863
300 0.6 26.7652
300 0.61 26.5663
300 0.62 26.3877
300 0.63 26.2276
300 0.64 26.0843
300 0.65 25.9562
300 0.66 25.842
300 0.67 25.7403
300 0.68 25.6499
300 0.69 25.5696
300 0.7 25.4985
300 0.71 25.4356
300 0.72 25.38
300 0.73 25.3311
300 0.74 25.2879
300 0.75 25.25
300 0.76 25.2168
300 0.77 25.1877
300 0.78 25.1622
300 0.79 25.14
300 0.8 25.1207
300 0.81 25.1038
300 0.82 25.0892
300 0.83 25.0765
300 0.84 25.0655
300 0.85 25.056
300 0.86 25.0478
300 0.87 25.0408
300 0.88 25.0347
300 0.89 25.0295
300 0.9 25.025
300 0.91 25.0212
300 0.92 25.0179
300 0.93 25.0151
300 0.94 25.0128
300 0.95 25.0107
300 0.96 25.009
300 0.97 25.0076
300 0.98 25.0063
300 0.99 25.0053
300 1 25.0044
300 1.01 25.0037
300 1.02 25.0031
300 1.03 25.0026
300 1.04 25.0021
300 1.05 25.0018
300 1.06 25.0015
300 1.07 25.0012
300 1.08 25.001
300 1.09 25.0008
300 1.1 25.0007
300 1.11 25.0006
300 1.12 25.0005
300 1.13 25.0004
300 1.14 25.0003
300 1.15 25.0002
300 1.16 25.0002
300 1.17 25.0002
300 1.18 25.0001
300 1.19 25.0001
300 1.2 25.0001
300 1.21 25.0001
300 1.22 25.0001
300 1.23 25
300 1.24 25
300 1.25 25
300 1.26 25
300 1.27 25
300 1.28 25
300 1.29 25
300 1.3 25
300 1.31 25
300 1.32 25
300 1.33 25
300 1.34 25
300 1.35 25
300 1.36 25
300 1.37 25
300 1.38 25
300 1.39 25
300 1.4 25
300 1.41 25
300 1.42 25
300 1.43 25
300 1.44 25
300 1.45 25
300 1.46 25
300 1.47 25
300 1.48 25
300 1.49 25
300 1.5 25
300 1.51 25
300 1.52 25
300 1.53 25
300 1.54 25
300 1.55 25
300 1.56 25
300 1.57 25
300 1.58 25
300 1.59 25
300 1.6 25
300 1.61 25
300 1.62 25
300 1.63 25
300 1.64 25
300 1.65 25
300 1.66 25
300 1.67 25
300 1.68 25
300 1.69 25
300 1.7 25
300 1.71 25
300 1.72 25
300 1.73 25
300 1.74 25
300 1.75 25
300 1.76 25
300 1.77 25
300 1.78 25
300 1.79 25
300 1.8 25
300 1.81 25
300 1.82 25
300 1.83 25
300 1.84 25
300 1.85 25
300 1.86 25
300 1.87 25
300 1.88 25
300 1.89 25
300 1.9 25
300 1.91 25
300 1.92 25
300 1.93 25
300 1.94 25
300 1.95 25
300 1.96 25
300 1.97 25
300 1.98 25
300 1.99 25
300 2 25

400 0 200
400 0.01 193.881
400 0.02 187.788
400 0.03 181.745
400 0.04 175.776
400 0.05 169.897
400 0.06 164.123
400 0.07 158.466
400 0.08 152.933
400 0.09 147.532
400 0.1 142.267
400 0.11 137.14
400 0.12 132.153
400 0.13 127.308
400 0.14 122.604
400 0.15 118.043
400 0.16 113.623
400 0.17 109.344
400 0.18 105.206
400 0.19 101.207
400 0.2 97.3463
400 0.21 93.6222
400 0.22 90.0334
400 0.23 86.5783
400 0.24 83.2549
400 0.25 80.0615
400 0.26 76.9959
400 0.27 74.0561
400 0.28 71.2396
400 0.29 68.544
400 0.3 65.9669
400 0.31 63.5057
400 0.32 61.1575
400 0.33 58.9197
400 0.34 56.7893
400 0.35 54.7634
400 0.36 52.839
400 0.37 51.013
400 0.38 49.2824
400 0.39 47.6439
400 0.4 46.0945
400 0.41 44.6309
400 0.42 43.2501
400 0.43 41.9488
400 0.44 40.7238
400 0.45 39.5721
400 0.46 38.4906
400 0.47 37.476
400 0.48 36.5255
400 0.49 35.636
400 0.5 34.8047
400 0.51 34.0285
400 0.52 33.3048
400 0.53 32.6308
400 0.54 32.0038
400 0.55 31.4214
400 0.56 30.8808
400 0.57 30.3799
400 0.58 29.9162
400 0.59 29.4874
400 0.6 29.0915
400 0.61 28.7263
400 0.62 28.39
400 0.63 28.0805
400 0.64 27.7961
400 0.65 27.5352
400 0.66 27.2959
400 0.67 27.0769
400 0.68 26.8767
400 0.69 26.6938
400 0.7 26.527
400 0.71 26.3751
400 0.72 26.2368
400 0.73 26.1112
400 0.74 25.9972
400 0.75 25.8938
400 0.76 25.8003
400 0.77 25.7157
400 0.78 25.6393
400 0.79 25.5704
400 0.8 25.5083
400 0.81 25.4525
400 0.82 25.4023
400 0.83 25.3573
400 0.84 25.3169
400 0.85 25.2808
400 0.86 25.2485
400 0.87 25.2197
400 0.88 25.1939
400 0.89 25.171
400 0.9 25.1506
400 0.91 25.1325
400 0.92 25.1165
400 0.93 25.1022
400 0.94 25.0896
400 0.95 25.0785
400 0.96 25.0686
400 0.97 25.06
400 0.98 25.0523
400 0.99 25.0456
400 1 25.0397
400 1.01 25.0345
400 1.02 25.03
400 1.03 25.026
400 1.04 25.0225
400 1.05 25.0195
400 1.06 25.0169
400 1.07 25.0146
400 1.08 25.0126
400 1.09 25.0108
400 1.1 25.0093
400 1.11 25.008
400 1.12 25.0069
400 1.13 25.0059
400 1.14 25.005
400 1.15 25.0043
400 1.16 25.0037
400 1.17 25.0031
400 1.18 25.0027
400 1.19 25.0023
400 1.2 25.0019
400 1.21 25.0016
400 1.22 25.0014
400 1.23 25.0012
400 1.24 25.001
400 1.25 25.0008
400 1.26 25.0007
400 1.27 25.0006
400 1.28 25.0005
400 1.29 25.0004
400 1.3 25.0004
400 1.31 25.0003
400 1.32 25.0003
400 1.33 25.0002
400 1.34 25.0002
400 1.35 25.0001
400 1.36 25.0001
400 1.37 25.0001
400 1.38 25.0001
400 1.39 25.0001
400 1.4 25.0001
400 1.41 25
400 1.42 25
400 1.43 25
400 1.44 25
400 1.45 25
400 1.46 25
400 1.47 25
400 1.48 25
400 1.49 25
400 1.5 25
400 1.51 25
400 1.52 25
400 1.53 25
400 1.54 25
400 1.55 25
400 1.56 25
400 1.57 25
400 1.58 25
400 1.59 25
400 1.6 25
400 1.61 25
400 1.62 25
400 1.63 25
400 1.64 25
400 1.65 25
400 1.66 25
400 1.67 25
400 1.68 25
400 1.69 25
400 1.7 25
400 1.71 25
400 1.72 25
400 1.73 25
400 1.74 25
400 1.75 25
400 1.76 25
400 1.77 25
400 1.78 25
400 1.79 25
400 1.8 25
400 1.81 25
400 1.82 25
400 1.83 25
400 1.84 25
400 1.85 25
400 1.86 25
400 1.87 25
400 1.88 25
400 1.89 25
400 1.9 25
400 1.91 25
400 1.92 25
400 1.93 25
400 1.94 25
400 1.95 25
400 1.96 25
400 1.97 25
400 1.98 25
400 1.99 25
400 2 25

500 0 200
500 0.01 194.256
500 0.02 188.536
500 0.03 182.865
500 0.04 177.262
500 0.05 171.745
500 0.06 166.326
500 0.07 161.016
500 0.08 155.822
500 0.09 150.749
500 0.1 145.801
500 0.11 140.979
500 0.12 136.285
500 0.13 131.718
500 0.14 127.278
500 0.15 122.965
500 0.16 118.778
500 0.17 114.715
500 0.18 110.776
500 0.19 106.959
500 0.2 103.263
500 0.21 99.6851
500 0.22 96.2252
500 0.23 92.8811
500 0.24 89.6512
500 0.25 86.5337
500 0.26 83.5268
500 0.27 80.6285
500 0.28 77.8371
500 0.29 75.1506
500 0.3 72.5668
500 0.31 70.0838
500 0.32 67.6995
500 0.33 65.4118
500 0.34 63.2184
500 0.35 61.1171
500 0.36 59.1057
500 0.37 57.182
500 0.38 55.3436
500 0.39 53.5882
500 0.4 51.9135
500 0.41 50.3171
500 0.42 48.7966
500 0.43 47.3497
500 0.44 45.9741
500 0.45 44.6674
500 0.46 43.4272
500 0.47 42.2511
500 0.48 41.137
500 0.49 40.0823
500 0.5 39.085
500 0.51 38.1427
500 0.52 37.2532
500 0.53 36.4143
500 0.54 35.6239
500 0.55 34.8798
500 0.56 34.1801
500 0.57 33.5226
500 0.58 32.9054
500 0.59 32.3266
500 0.6 31.7843
500 0.61 31.2767
500 0.62 30.802
500 0.63 30.3586
500 0.64 29.9446
500 0.65 29.5587
500 0.66 29.1991
500 0.67 28.8645
500 0.68 28.5534
500 0.69 28.2644
500 0.7 27.9963
500 0.71 27.7477
500 0.72 27.5175
500 0.73 27.3045
500 0.74 27.1076
500 0.75 26.9257
500 0.76 26.758
500 0.77 26.6034
500 0.78 26.4611
500 0.79 26.3302
500 0.8 26.2099
500 0.81 26.0995
500 0.82 25.9983
500 0.83 25.9055
500 0.84 25.8206
500 0.85 25.743
500 0.86 25.6721
500 0.87 25.6074
500 0.88 25.5484
500 0.89 25.4947
500 0.9 25.4458
500 0.91 25.4014
500 0.92 25.3611
500 0.93 25.3245
500 0.94 25.2914
500 0.95 25.2613
500 0.96 25.2342
500 0.97 25.2097
500 0.98 25.1876
500 0.99 25.1676
500 1 25.1497
500 1.01 25.1335
500 1.02 25.119
500 1.03 25.1059
500 1.04 25.0942
500 1.05 25.0837
500 1.06 25.0743
500 1.07 25.0659
500 1.08 25.0584
500 1.09 25.0517
500 1.1 25.0457
500 1.11 25.0404
500 1.12 25.0357
500 1.13 25.0315
500 1.14 25.0277
500 1.15 25.0244
500 1.16 25.0215
500 1.17 25.0188
500 1.18 25.0165
500 1.19 25.0145
500 1.2 25.0127
500 1.21 25.0111
500 1.22 25.0097
500 1.23 25.0085
500 1.24 25.0074
500 1.25 25.0065
500 1.26 25.0056
500 1.27 25.0049
500 1.28 25.0043
500 1.29 25.0037
500 1.3 25.0032
500 1.31 25.0028
500 1.32 25.0024
500 1.33 25.0021
500 1.34 25.0018
500 1.35 25.0016
500 1.36 25.0013
500 1.37 25.0012
500 1.38 25.001
500 1.39 25.0009
500 1.4 25.0007
500 1.41 25.0006
500 1.42 25.0005
500 1.43 25.0005
500 1.44 25.0004
500 1.45 25.0003
500 1.46 25.0003
500 1.47 25.0002
500 1.48 25.0002
500 1.49 25.0002
500 1.5 25.0002
500 1.51 25.0001
500 1.52 25.0001
500 1.53 25.0001
500 1.54 25.0001
500 1.55 25.0001
500 1.56 25.0001
500 1.57 25
500 1.58 25
500 1.59 25
500 1.6 25
500 1.61 25
500 1.62 25
500 1.63 25
500 1.64 25
500 1.65 25
500 1.66 25
500 1.67 25
500 1.68 25
500 1.69 25
500 1.7 25
500 1.71 25
500 1.72 25
500 1.73 25
500 1.74 25
500 1.75 25
500 1.76 25
500 1.77 25
500 1.78 25
500 1.79 25
500 1.8 25
500 1.81 25
500 1.82 25
500 1.83 25
500 1.84 25
500 1.85 25
500 1.86 25
500 1.87 25
500 1.88 25
500 1.89 25
500 1.9 25
500 1.91 25
500 1.92 25
500 1.93 25
500 1.94 25
500 1.95 25
500 1.96 25
500 1.97 25
500 1.98 25
500 1.99 25
500 2 25

600 0 200
600 0.01 194.511
600 0.02 189.046
600 0.03 183.627
600 0.04 178.275
600 0.05 173.005
600 0.06 167.83
600 0.07 162.76
600 0.08 157.801
600 0.09 152.957
600 0.1 148.232
600 0.11 143.626
600 0.12 139.14
600 0.13 134.774
600 0.14 130.526
600 0.15 126.397
600 0.16 122.384
600 0.17 118.486
600 0.18 114.702
600 0.19 111.029
600 0.2 107.467
600 0.21 104.013
600 0.22 100.666
600 0.23 97.4237
600 0.24 94.2849
600 0.25 91.2475
600 0.26 88.3098
600 0.27 85.4701
600 0.28 82.7264
600 0.29 80.0769
600 0.3 77.5199
600 0.31 75.0535
600 0.32 72.6759
600 0.33 70.3852
600 0.34 68.1795
600 0.35 66.0569
600 0.36 64.0156
600 0.37 62.0537
600 0.38 60.1692
600 0.39 58.3603
600 0.4 56.625
600 0.41 54.9615
600 0.42 53.3678
600 0.43 51.842
600 0.44 50.3822
600 0.45 48.9864
600 0.46 47.6529
600 0.47 46.3797
600 0.48 45.1649
600 0.49 44.0066
600 0.5 42.9031
600 0.51 41.8525
600 0.52 40.8529
600 0.53 39.9026
600 0.54 38.9998
600 0.55 38.1427
600 0.56 37.3298
600 0.57 36.5591
600 0.58 35.8292
600 0.59 35.1383
600 0.6 34.4849
600 0.61 33.8674
600 0.62 33.2843
600 0.63 32.734
600 0.64 32.2152
600 0.65 31.7264
600 0.66 31.2663
600 0.67 30.8334
600 0.68 30.4265
600 0.69 30.0444
600 0.7 29.6858
600 0.71 29.3495
600 0.72 29.0344
600 0.73 28.7394
600 0.74 28.4634
600 0.75 28.2054
600 0.76 27.9645
600 0.77 27.7396
600 0.78 27.5299
600 0.79 27.3345
600 0.8 27.1526
600 0.81 26.9834
600 0.82 26.8261
600 0.83 26.68
600 0.84 26.5445
600 0.85 26.4188
600 0.86 26.3024
600 0.87 26.1946
600 0.88 26.0948
600 0.89 26.0027
600 0.9 25.9176
600 0.91 25.8391
600 0.92 25.7667
600 0.93 25.7
600 0.94 25.6387
600 0.95 25.5822
600 0.96 25.5304
600 0.97 25.4827
600 0.98 25.4391
600 0.99 25.399
600 1 25.3624
600 1.01 25.3288
600 1.02 25.2981
600 1.03 25.2701
600 1.04 25.2445
600 1.05 25.2212
600 1.06 25.1999
600 1.07 25.1806
600 1.08 25.1629
600 1.09 25.1469
600 1.1 25.1324
600 1.11 25.1192
600 1.12 25.1072
600 1.13 25.0964
600 1.14 25.0866
600 1.15 25.0777
600 1.16 25.0697
600 1.17 25.0624
600 1.18 25.0559
600 1.19 25.05
600 1.2 25.0447
600 1.21 25.0399
600 1.22 25.0357
600 1.23 25.0318
600 1.24 25.0283
600 1.25 25.0252
600 1.26 25.0224
600 1.27 25.02
600 1.28 25.0177
600 1.29 25.0157
600 1.3 25.014
600 1.31 25.0124
600 1.32 25.0109
600 1.33 25.0097
600 1.34 25.0086
600 1.35 25.0076
600 1.36 25.0067
600 1.37 25.0059
600 1.38 25.0052
600 1.39 25.0046
600 1.4 25.004
600 1.41 25.0035
600 1.42 25.0031
600 1.43 25.0027
600 1.44 25.0024
600 1.45 25.0021
600 1.46 25.0018
600 1.47 25.0016
600 1.48 25.0014
600 1.49 25.0012
600 1.5 25.0011
600 1.51 25.0009
600 1.52 25.0008
600 1.53 25.0007
600 1.54 25.0006
600 1.55 25.0005
600 1.56 25.0005
600 1.57 25.0004
600 1.58 25.0003
600 1.59 25.0003
600 1.6 25.0003
600 1.61 25.0002
600 1.62 25.0002
600 1.63 25.0002
600 1.64 25.0001
600 1.65 25.0001
600 1.66 25.0001
600 1.67 25.0001
600 1.68 25.0001
600 1.69 25.0001
600 1.7 25.0001
600 1.71 25.0001
600 1.72 25
600 1.73 25
600 1.74 25
600 1.75 25
600 1.76 25
600 1.77 25
600 1.78 25
600 1.79 25
600 1.8 25
600 1.81 25
600 1.82 25
600 1.83 25
600 1.84 25
600 1.85 25
600 1.86 25
600 1.87 25
600 1.88 25
600 1.89 25
600 1.9 25
600 1.91 25
600 1.92 25
600 1.93 25
600 1.94 25
600 1.95 25
600 1.96 25
600 1.97 25
600 1.98 25
600 1.99 25
600 2 25

700 0 200
700 0.01 194.693
700 0.02 189.411
700 0.03 184.173
700 0.04 179.001
700 0.05 173.909
700 0.06 168.91
700 0.07 164.013
700 0.08 159.225
700 0.09 154.548
700 0.1 149.985
700 0.11 145.538
700 0.12 141.207
700 0.13 136.99
700 0.14 132.887
700 0.15 128.896
700 0.16 125.016
700 0.17 121.246
700 0.18 117.582
700 0.19 114.024
700 0.2 110.57
700 0.21 107.217
700 0.22 103.964
700 0.23 100.809
700 0.24 97.7503
700 0.25 94.7858
700 0.26 91.9139
700 0.27 89.1327
700 0.28 86.4404
700 0.29 83.8352
700 0.3 81.3154
700 0.31 78.8792
700 0.32 76.5248
700 0.33 74.2505
700 0.34 72.0546
700 0.35 69.9354
700 0.36 67.8912
700 0.37 65.9201
700 0.38 64.0206
700 0.39 62.191
700 0.4 60.4295
700 0.41 58.7345
700 0.42 57.1043
700 0.43 55.5373
700 0.44 54.0318
700 0.45 52.5862
700 0.46 51.1988
700 0.47 49.8681
700 0.48 48.5924
700 0.49 47.3701
700 0.5 46.1997
700 0.51 45.0796
700 0.52 44.0083
700 0.53 42.9842
700 0.54 42.0059
700 0.55 41.0718
700 0.56 40.1804
700 0.57 39.3304
700 0.58 38.5203
700 0.59 37.7487
700 0.6 37.0143
700 0.61 36.3156
700 0.62 35.6513
700 0.63 35.0202
700 0.64 34.421
700 0.65 33.8523
700 0.66 33.3131
700 0.67 32.8021
700 0.68 32.3181
700 0.69 31.86
700 0.7 31.4267
700 0.71 31.0171
700 0.72 30.6303
700 0.73 30.265
700 0.74 29.9205
700 0.75 29.5957
700 0.76 29.2897
700 0.77 29.0015
700 0.78 28.7305
700 0.79 28.4756
700 0.8 28.2361
700 0.81 28.0112
700 0.82 27.8002
700 0.83 27.6023
700 0.84 27.4169
700 0.85 27.2433
700 0.86 27.0808
700 0.87 26.9289
700 0.88 26.7869
700 0.89 26.6543
700 0.9 26.5306
700 0.91 26.4152
700 0.92 26.3077
700 0.93 26.2075
700 0.94 26.1143
700 0.95 26.0277
700 0.96 25.9471
700 0.97 25.8723
700 0.98 25.8029
700 0.99 25.7385
700 1 25.6789
700 1.01 25.6236
700 1.02 25.5725
700 1.03 25.5252
700 1.04 25.4815
700 1.05 25.4411
700 1.06 25.4039
700 1.07 25.3696
700 1.08 25.3379
700 1.09 25.3088
700 1.1 25.282
700 1.11 25.2573
700 1.12 25.2346
700 1.13 25.2138
700 1.14 25.1947
700 1.15 25.1772
700 1.16 25.1612
700 1.17 25.1465
700 1.18 25.1331
700 1.19 25.1208
700 1.2 25.1096
700 1.21 25.0993
700 1.22 25.09
700 1.23 25.0814
700 1.24 25.0737
700 1.25 25.0666
700 1.26 25.0602
700 1.27 25.0543
700 1.28 25.049
700 1.29 25.0442
700 1.3 25.0398
700 1.31 25.0358
700 1.32 25.0322
700 1.33 25.029
700 1.34 25.026
700 1.35 25.0234
700 1.36 25.021
700 1.37 25.0188
700 1.38 25.0169
700 1.39 25.0151
700 1.4 25.0135
700 1.41 25.0121
700 1.42 25.0108
700 1.43 25.0096
700 1.44 25.0086
700 1.45 25.0077
700 1.46 25.0068
700 1.47 25.0061
700 1.48 25.0054
700 1.49 25.0048
700 1.5 25.0043
700 1.51 25.0038
700 1.52 25.0034
700 1.53 25.003
700 1.54 25.0027
700 1.55 25.0023
700 1.56 25.0021
700 1.57 25.0018
700 1.58 25.0016
700 1.59 25.0014
700 1.6 25.0013
700 1.61 25.0011
700 1.62 25.001
700 1.63 25.0009
700 1.64 25.0008
700 1.65 25.0007
700 1.66 25.0006
700 1.67 25.0005
700 1.68 25.0005
700 1.69 25.0004
700 1.7 25.0003
700 1.71 25.0003
700 1.72 25.0003
700 1.73 25.0002
700 1.74 25.0002
700 1.75 25.0002
700 1.76 25.0002
700 1.77 25.0001
700 1.78 25.0001
700 1.79 25.0001
700 1.8 25.0001
700 1.81 25.0001
700 1.82 25.0001
700 1.83 25.0001
700 1.84 25.0001
700 1.85 25
700 1.86 25
700 1.87 25
700 1.88 25
700 1.89 25
700 1.9 25
700 1.91 25
700 1.92 25
700 1.93 25
700 1.94 25
700 1.95 25
700 1.96 25
700 1.97 25
700 1.98 25
700 1.99 25
700 2 25

800 0 200
800 0.01 194.829
800 0.02 189.682
800 0.03 184.579
800 0.04 179.541
800 0.05 174.582
800 0.06 169.714
800 0.07 164.947
800 0.08 160.286
800 0.09 155.735
800 0.1 151.295
800 0.11 146.968
800 0.12 142.754
800 0.13 138.652
800 0.14 134.659
800 0.15 130.776
800 0.16 127
800 0.17 123.328
800 0.18 119.76
800 0.19 116.293
800 0.2 112.926
800 0.21 109.655
800 0.22 106.48
800 0.23 103.398
800 0.24 100.407
800 0.25 97.5058
800 0.26 94.6922
800 0.27 91.9644
800 0.28 89.3204
800 0.29 86.7587
800 0.3 84.2773
800 0.31 81.8746
800 0.32 79.5489
800 0.33 77.2984
800 0.34 75.1215
800 0.35 73.0165
800 0.36 70.9819
800 0.37 69.0159
800 0.38 67.1171
800 0.39 65.2837
800 0.4 63.5144
800 0.41 61.8074
800 0.42 60.1614
800 0.43 58.5747
800 0.44 57.0459
800 0.45 55.5736
800 0.46 54.1561
800 0.47 52.7922
800 0.48 51.4804
800 0.49 50.2192
800 0.5 49.0072
800 0.51 47.8431
800 0.52 46.7255
800 0.53 45.6531
800 0.54 44.6245
800 0.55 43.6384
800 0.56 42.6935
800 0.57 41.7886
800 0.58 40.9223
800 0.59 40.0935
800 0.6 39.301
800 0.61 38.5434
800 0.62 37.8197
800 0.63 37.1287
800 0.64 36.4693
800 0.65 35.8404
800 0.66 35.2408
800 0.67 34.6695
800 0.68 34.1255
800 0.69 33.6077
800 0.7 33.1151
800 0.71 32.6468
800 0.72 32.2019
800 0.73 31.7793
800 0.74 31.3782
800 0.75 30.9977
800 0.76 30.637
800 0.77 30.2951
800 0.78 29.9714
800 0.79 29.665
800 0.8 29.3751
800 0.81 29.1011
800 0.82 28.8422
800 0.83 28.5977
800 0.84 28.3669
800 0.85 28.1492
800 0.86 27.944
800 0.87 27.7507
800 0.88 27.5687
800 0.89 27.3974
800 0.9 27.2363
800 0.91 27.0848
800 0.92 26.9426
800 0.93 26.8091
800 0.94 26.6838
800 0.95 26.5663
800 0.96 26.4562
800 0.97 26.353
800 0.98 26.2565
800 0.99 26.1662
800 1 26.0818
800 1.01 26.0029
800 1.02 25.9293
800 1.03 25.8606
800 1.04 25.7965
800 1.05 25.7367
800 1.06 25.6811
800 1.07 25.6293
800 1.08 25.5811
800 1.09 25.5363
800 1.1 25.4946
800 1.11 25.456
800 1.12 25.4201
800 1.13 25.3868
800 1.14 25.3559
800 1.15 25.3273
800 1.16 25.3009
800 1.17 25.2764
800 1.18 25.2538
800 1.19 25.2328
800 1.2 25.2135
800 1.21 25.1957
800 1.22 25.1792
800 1.23 25.1641
800 1.24 25.1501
800 1.25 25.1373
800 1.26 25.1254
800 1.27 25.1145
800 1.28 25.1045
800 1.29 25.0954
800 1.3 25.0869
800 1.31 25.0792
800 1.32 25.0721
800 1.33 25.0656
800 1.34 25.0597
800 1.35 25.0543
800 1.36 25.0493
800 1.37 25.0448
800 1.38 25.0406
800 1.39 25.0368
800 1.4 25.0334
800 1.41 25.0302
800 1.42 25.0274
800 1.43 25.0248
800 1.44 25.0224
800 1.45 25.0202
800 1.46 25.0183
800 1.47 25.0165
800 1.48 25.0149
800 1.49 25.0134
800 1.5 25.0121
800 1.51 25.0109
800 1.52 25.0098
800 1.53 25.0088
800 1.54 25.0079
800 1.55 25.0071
800 1.56 25.0064
800 1.57 25.0057
800 1.58 25.0051
800 1.59 25.0046
800 1.6 25.0041
800 1.61 25.0037
800 1.62 25.0033
800 1.63 25.0029
800 1.64 25.0026
800 1.65 25.0023
800 1.66 25.0021
800 1.67 25.0019
800 1.68 25.0017
800 1.69 25.0015
800 1.7 25.0013
800 1.71 25.0012
800 1.72 25.001
800 1.73 25.0009
800 1.74 25.0008
800 1.75 25.0007
800 1.76 25.0006
800 1.77 25.0006
800 1.78 25.0005
800 1.79 25.0005
800 1.8 25.0004
800 1.81 25.0004
800 1.82 25.0003
800 1.83 25.0003
800 1.84 25.0002
800 1.85 25.0002
800 1.86 25.0002
800 1.87 25.0002
800 1.88 25.0002
800 1.89 25.0001
800 1.9 25.0001
800 1.91 25.0001
800 1.92 25.0001
800 1.93 25.0001
800 1.94 25.0001
800 1.95 25.0001
800 1.96 25.0001
800 1.97 25.0001
800 1.98 25.0001
800 1.99 25.0001
800 2 25.0001

900 0 200
900 0.01 194.933
900 0.02 189.889
900 0.03 184.889
900 0.04 179.953
900 0.05 175.096
900 0.06 170.329
900 0.07 165.661
900 0.08 161.098
900 0.09 156.643
900 0.1 152.299
900 0.11 148.066
900 0.12 143.943
900 0.13 139.929
900 0.14 136.024
900 0.15 132.224
900 0.16 128.53
900 0.17 124.937
900 0.18 121.445
900 0.19 118.052
900 0.2 114.754
900 0.21 111.551
900 0.22 108.439
900 0.23 105.418
900 0.24 102.484
900 0.25 99.637
900 0.26 96.8737
900 0.27 94.1927
900 0.28 91.5921
900 0.29 89.0701
900 0.3 86.6249
900 0.31 84.2549
900 0.32 81.9582
900 0.33 79.7333
900 0.34 77.5784
900 0.35 75.4919
900 0.36 73.4724
900 0.37 71.5181
900 0.38 69.6276
900 0.39 67.7994
900 0.4 66.0319
900 0.41 64.3237
900 0.42 62.6733
900 0.43 61.0793
900 0.44 59.5404
900 0.45 58.0551
900 0.46 56.622
900 0.47 55.2399
900 0.48 53.9074
900 0.49 52.6231
900 0.5 51.3859
900 0.51 50.1944
900 0.52 49.0474
900 0.53 47.9436
900 0.54 46.8819
900 0.55 45.861
900 0.56 44.8798
900 0.57 43.9372
900 0.58 43.0319
900 0.59 42.1628
900 0.6 41.3289
900 0.61 40.5291
900 0.62 39.7624
900 0.63 39.0275
900 0.64 38.3237
900 0.65 37.6497
900 0.66 37.0048
900 0.67 36.3878
900 0.68 35.7978
900 0.69 35.234
900 0.7 34.6953
900 0.71 34.181
900 0.72 33.6901
900 0.73 33.2218
900 0.74 32.7753
900 0.75 32.3497
900 0.76 31.9443
900 0.77 31.5583
900 0.78 31.1909
900 0.79 30.8414
900 0.8 30.5091
900 0.81 30.1934
900 0.82 29.8934
900 0.83 29.6087
900 0.84 29.3385
900 0.85 29.0822
900 0.86 28.8393
900 0.87 28.6091
900 0.88 28.3911
900 0.89 28.1848
900 0.9 27.9896
900 0.91 27.805
900 0.92 27.6306
900 0.93 27.4658
900 0.94 27.3102
900 0.95 27.1634
900 0.96 27.025
900 0.97 26.8945
900 0.98 26.7715
900 0.99 26.6557
900 1 26.5467
900 1.01 26.4442
900 1.02 26.3478
900 1.03 26.2572
900 1.04 26.1721
900 1.05 26.0923
900 1.06 26.0174
900 1.07 25.9471
900 1.08 25.8812
900 1.09 25.8196
900 1.1 25.7618
900 1.11 25.7078
900 1.12 25.6573
900 1.13 25.61
900 1.14 25.5659
900 1.15 25.5247
900 1.16 25.4863
900 1.17 25.4504
900 1.18 25.417
900 1.19 25.3858
900 1.2 25.3568
900 1.21 25.3298
900 1.22 25.3047
900 1.23 25.2814
900 1.24 25.2597
900 1.25 25.2396
900 1.26 25.2209
900 1.27 25.2036
900 1.28 25.1875
900 1.29 25.1726
900 1.3 25.1588
900 1.31 25.146
900 1.32 25.1342
900 1.33 25.1233
900 1.34 25.1132
900 1.35 25.1039
900 1.36 25.0953
900 1.37 25.0874
900 1.38 25.08
900 1.39 25.0733
900 1.4 25.0671
900 1.41 25.0614
900 1.42 25.0561
900 1.43 25.0513
900 1.44 25.0468
900 1.45 25.0428
900 1.46 25.039
900 1.47 25.0356
900 1.48 25.0324
900 1.49 25.0295
900 1.5 25.0269
900 1.51 25.0245
900 1.52 25.0223
900 1.53 25.0202
900 1.54 25.0184
900 1.55 25.0167
900 1.56 25.0152
900 1.57 25.0137
900 1.58 25.0125
900 1.59 25.0113
900 1.6 25.0102
900 1.61 25.0093
900 1.62 25.0084
900 1.63 25.0076
900 1.64 25.0068
900 1.65 25.0062
900 1.66 25.0056
900 1.67 25.005
900 1.68 25.0045
900 1.69 25.0041
900 1.7 25.0037
900 1.71 25.0033
900 1.72 25.003
900 1.73 25.0027
900 1.74 25.0024
900 1.75 25.0022
900 1.76 25.002
900 1.77 25.0018
900 1.78 25.0016
900 1.79 25.0014
900 1.8 25.0013
900 1.81 25.0011
900 1.82 25.001
900 1.83 25.0009
900 1.84 25.0008
900 1.85 25.0007
900 1.86 25.0007
900 1.87 25.0006
900 1.88 25.0005
900 1.89 25.0005
900 1.9 25.0004
900 1.91 25.0004
900 1.92 25.0004
900 1.93 25.0003
900 1.94 25.0003
900 1.95 25.0003
900 1.96 25.0003
900 1.97 25.0003
900 1.98 25.0003
900 1.99 25.0002
900 2 25.0002

