0 0 200
0 0.01 80.911
0 0.02 43.1255
0 0.03 30.9319
0 0.04 26.9536
0 0.05 25.6462
0 0.06 25.2144
0 0.07 25.0713
0 0.08 25.0237
0 0.09 25.0079
0 0.1 25.0026
0 0.11 25.0009
0 0.12 25.0003
0 0.13 25.0001
0 0.14 25
0 0.15 25
0 0.16 25
0 0.17 25
0 0.18 25
0 0.19 25
0 0.2 25
0 0.21 25
0 0.22 25
0 0.23 25
0 0.24 25
0 0.25 25
0 0.26 25
0 0.27 25
0 0.28 25
0 0.29 25
0 0.3 25
0 0.31 25
0 0.32 25
0 0.33 25
0 0.34 25
0 0.35 25
0 0.36 25
0 0.37 25
0 0.38 25
0 0.39 25
0 0.4 25
0 0.41 25
0 0.42 25
0 0.43 25
0 0.44 25
0 0.45 25
0 0.46 25
0 0.47 25
0 0.48 25
0 0.49 25
0 0.5 25
0 0.51 25
0 0.52 25
0 0.53 25
0 0.54 25
0 0.55 25
0 0.56 25
0 0.57 25
0 0.58 25
0 0.59 25
0 0.6 25
0 0.61 25
0 0.62 25
0 0.63 25
0 0.64 25
0 0.65 25
0 0.66 25
0 0.67 25
0 0.68 25
0 0.69 25
0 0.7 25
0 0.71 25
0 0.72 25
0 0.73 25
0 0.74 25
0 0.75 25
0 0.76 25
0 0.77 25
0 0.78 25
0 0.79 25
0 0.8 25
0 0.81 25
0 0.82 25
0 0.83 25
0 0.84 25
0 0.85 25
0 0.86 25
0 0.87 25
0 0.88 25
0 0.89 25
0 0.9 25
0 0.91 25
0 0.92 25
0 0.93 25
0 0.94 25
0 0.95 25
0 0.96 25
0 0.97 25
0 0.98 25
0 0.99 25
0 1 25
0 1.01 25
0 1.02 25
0 1.03 25
0 1.04 25
0 1.05 25
0 1.06 25
0 1.07 25
0 1.08 25
0 1.09 25
0 1.1 25
0 1.11 25
0 1.12 25
0 1.13 25
0 1.14 25
0 1.15 25
0 1.16 25
0 1.17 25
0 1.18 25
0 1.19 25
0 1.2 25
0 1.21 25
0 1.22 25
0 1.23 25
0 1.24 25
0 1.25 25
0 1.26 25
0 1.27 25
0 1.28 25
0 1.29 25
0 1.3 25
0 1.31 25
0 1.32 25
0 1.33 25
0 1.34 25
0 1.35 25
0 1.36 25
0 1.37 25
0 1.38 25
0 1.39 25
0 1.4 25
0 1.41 25
0 1.42 25
0 1.43 25
0 1.44 25
0 1.45 25
0 1.46 25
0 1.47 25
0 1.48 25
0 1.49 25
0 1.5 25
0 1.51 25
0 1.52 25
0 1.53 25
0 1.54 25
0 1.55 25
0 1.56 25
0 1.57 25
0 1.58 25
0 1.59 25
0 1.6 25
0 1.61 25
0 1.62 25
0 1.63 25
0 1.64 25
0 1.65 25
0 1.66 25
0 1.67 25
0 1.68 25
0 1.69 25
0 1.7 25
0 1.71 25
0 1.72 25
0 1.73 25
0 1.74 25
0 1.75 25
0 1.76 25
0 1.77 25
0 1.78 25
0 1.79 25
0 1.8 25
0 1.81 25
0 1.82 25
0 1.83 25
0 1.84 25
0 1.85 25
0 1.86 25
0 1.87 25
0 1.88 25
0 1.89 25
0 1.9 25
0 1.91 25
0 1.92 25
0 1.93 25
0 1.94 25
0 1.95 25
0 1.96 25
0 1.97 25
0 1.98 25
0 1.99 25
0 2 25

100 0 200
100 0.01 189.746
100 0.02 179.602
100 0.03 169.592
100 0.04 159.758
100 0.05 150.143
100 0.06 140.789
100 0.07 131.734
100 0.08 123.015
100 0.09 114.662
100 0.1 106.7
100 0.11 99.1518
100 0.12 92.0317
100 0.13 85.3503
100 0.14 79.1131
100 0.15 73.3207
100 0.16 67.9692
100 0.17 63.0505
100 0.18 58.5529
100 0.19 54.4614
100 0.2 50.7586
100 0.21 47.4247
100 0.22 44.4382
100 0.23 41.7766
100 0.24 39.4167
100 0.25 37.3349
100 0.26 35.5076
100 0.27 33.9119
100 0.28 32.5254
100 0.29 31.3268
100 0.3 30.2957
100 0.31 29.4132
100 0.32 28.6616
100 0.33 28.0246
100 0.34 27.4875
100 0.35 27.0368
100 0.36 26.6604
100 0.37 26.3476
100 0.38 26.089
100 0.39 25.8761
100 0.4 25.7018
100 0.41 25.5597
100 0.42 25.4445
100 0.43 25.3514
100 0.44 25.2766
100 0.45 25.2168
100 0.46 25.1692
100 0.47 25.1315
100 0.48 25.1018
100 0.49 25.0784
100 0.5 25.0601
100 0.51 25.046
100 0.52 25.035
100 0.53 25.0265
100 0.54 25.02
100 0.55 25.015
100 0.56 25.0112
100 0.57 25.0084
100 0.58 25.0062
100 0.59 25.0046
100 0.6 25.0034
100 0.61 25.0025
100 0.62 25.0018
100 0.63 25.0013
100 0.64 25.001
100 0.65 25.0007
100 0.66 25.0005
100 0.67 25.0004
100 0.68 25.0003
100 0.69 25.0002
100 0.7 25.0001
100 0.71 25.0001
100 0.72 25.0001
100 0.73 25
100 0.74 25
100 0.75 25
100 0.76 25
100 0.77 25
100 0.78 25
100 0.79 25
100 0.8 25
100 0.81 25
100 0.82 25
100 0.83 25
100 0.84 25
100 0.85 25
100 0.86 25
100 0.87 25
100 0.88 25
100 0.89 25
100 0.9 25
100 0.91 25
100 0.92 25
100 0.93 25
100 0.94 25
100 0.95 25
100 0.96 25
100 0.97 25
100 0.98 25
100 0.99 25
100 1 25
100 1.01 25
100 1.02 25
100 1.03 25
100 1.04 25
100 1.05 25
100 1.06 25
100 1.07 25
100 1.08 25
100 1.09 25
100 1.1 25
100 1.11 25
100 1.12 25
100 1.13 25
100 1.14 25
100 1.15 25
100 1.16 25
100 1.17 25
100 1.18 25
100 1.19 25
100 1.2 25
100 1.21 25
100 1.22 25
100 1.23 25
100 1.24 25
100 1.25 25
100 1.26 25
100 1.27 25
100 1.28 25
100 1.29 25
100 1.3 25
100 1.31 25
100 1.32 25
100 1.33 25
100 1.34 25
100 1.35 25
100 1.36 25
100 1.37 25
100 1.38 25
100 1.39 25
100 1.4 25
100 1.41 25
100 1.42 25
100 1.43 25
100 1.44 25
100 1.45 25
100 1.46 25
100 1.47 25
100 1.48 25
100 1.49 25
100 1.5 25
100 1.51 25
100 1.52 25
100 1.53 25
100 1.54 25
100 1.55 25
100 1.56 25
100 1.57 25
100 1.58 25
100 1.59 25
100 1.6 25
100 1.61 25
100 1.62 25
100 1.63 25
100 1.64 25
100 1.65 25
100 1.66 25
100 1.67 25
100 1.68 25
100 1.69 25
100 1.7 25
100 1.71 25
100 1.72 25
100 1.73 25
100 1.74 25
100 1.75 25
100 1.76 25
100 1.77 25
100 1.78 25
100 1.79 25
100 1.8 25
100 1.81 25
100 1.82 25
100 1.83 25
100 1.84 25
100 1.85 25
100 1.86 25
100 1.87 25
100 1.88 25
100 1.89 25
100 1.9 25
100 1.91 25
100 1.92 25
100 1.93 25
100 1.94 25
100 1.95 25
100 1.96 25
100 1.97 25
100 1.98 25
100 1.99 25
100 2 25

200 0 200
200 0.01 192.657
200 0.02 185.392
200 0.03 178.195
200 0.04 171.075
200 0.05 164.045
200 0.06 157.12
200 0.07 150.315
200 0.08 143.642
200 0.09 137.118
200 0.1 130.753
200 0.11 124.56
200 0.12 118.55
200 0.13 112.732
200 0.14 107.115
200 0.15 101.705
200 0.16 96.5078
200 0.17 91.5286
200 0.18 86.7702
200 0.19 82.2345
200 0.2 77.9225
200 0.21 73.8335
200 0.22 69.966
200 0.23 66.3177
200 0.24 62.8848
200 0.25 59.6631
200 0.26 56.6473
200 0.27 53.8317
200 0.28 51.2097
200 0.29 48.7743
200 0.3 46.5181
200 0.31 44.4332
200 0.32 42.5117
200 0.33 40.7453
200 0.34 39.1257
200 0.35 37.6444
200 0.36 36.2933
200 0.37 35.0639
200 0.38 33.9482
200 0.39 32.9383
200 0.4 32.0265
200 0.41 31.2053
200 0.42 30.4677
200 0.43 29.8069
200 0.44 29.2163
200 0.45 28.6899
200 0.46 28.2218
200 0.47 27.8067
200 0.48 27.4394
200 0.49 27.1154
200 0.5 26.8302
200 0.51 26.5798
200 0.52 26.3606
200 0.53 26.1691
200 0.54 26.0022
200 0.55 25.8572
200 0.56 25.7315
200 0.57 25.6228
200 0.58 25.529
200 0.59 25.4483
200 0.6 25.379
200 0.61 25.3197
200 0.62 25.2691
200 0.63 25.226
200 0.64 25.1893
200 0.65 25.1582
200 0.66 25.132
200 0.67 25.1098
200 0.68 25.0911
200 0.69 25.0755
200 0.7 25.0624
200 0.71 25.0514
200 0.72 25.0423
200 0.73 25.0347
200 0.74 25.0284
200 0.75 25.0232
200 0.76 25.0189
200 0.77 25.0154
200 0.78 25.0125
200 0.79 25.0101
200 0.8 25.0082
200 0.81 25.0066
200 0.82 25.0053
200 0.83 25.0042
200 0.84 25.0034
200 0.85 25.0027
200 0.86 25.0022
200 0.87 25.0017
200 0.88 25.0014
200 0.89 25.0011
200 0.9 25.0009
200 0.91 25.0007
200 0.92 25.0005
200 0.93 25.0004
200 0.94 25.0003
200 0.95 25.0003
200 0.96 25.0002
200 0.97 25.0002
200 0.98 25.0001
200 0.99 25.0001
200 1 25.0001
200 1.01 25.0001
200 1.02 25
200 1.03 25
200 1.04 25
200 1.05 25
200 1.06 25
200 1.07 25
200 1.08 25
200 1.09 25
200 1.1 25
200 1.11 25
200 1.12 25
200 1.13 25
200 1.14 25
200 1.15 25
200 1.16 25
200 1.17 25
200 1.18 25
200 1.19 25
200 1.2 25
200 1.21 25
200 1.22 25
200 1.23 25
200 1.24 25
200 1.25 25
200 1.26 25
200 1.27 25
200 1.28 25
200 1.29 25
200 1.3 25
200 1.31 25
200 1.32 25
200 1.33 25
200 1.34 25
200 1.35 25
200 1.36 25
200 1.37 25
200 1.38 25
200 1.39 25
200 1.4 25
200 1.41 25
200 1.42 25
200 1.43 25
200 1.44 25
200 1.45 25
200 1.46 25
200 1.47 25
200 1.48 25
200 1.49 25
200 1.5 25
200 1.51 25
200 1.52 25
200 1.53 25
200 1.54 25
200 1.55 25
200 1.56 25
200 1.57 25
200 1.58 25
200 1.59 25
200 1.6 25
200 1.61 25
200 1.62 25
200 1.63 25
200 1.64 25
200 1.65 25
200 1.66 25
200 1.67 25
200 1.68 25
200 1.69 25
200 1.7 25
200 1.71 25
200 1.72 25
200 1.73 25
200 1.74 25
200 1.75 25
200 1.76 25
200 1.77 25
200 1.78 25
200 1.79 25
200 1.8 25
200 1.81 25
200 1.82 25
200 1.83 25
200 1.84 25
200 1.85 25
200 1.86 25
200 1.87 25
200 1.88 25
200 1.89 25
200 1.9 25
200 1.91 25
200 1.92 25
200 1.93 25
200 1.94 25
200 1.95 25
200 1.96 25
200 1.97 25
200 1.98 25
200 1.99 25
200 2 25

300 0 200
300 0.01 193.939
300 0.02 187.948
300 0.03 182.009
300 0.04 176.123
300 0.05 170.293
300 0.06 164.529
300 0.07 158.836
300 0.08 153.224
300 0.09 147.699
300 0.1 142.269
300 0.11 136.941
300 0.12 131.722
300 0.13 126.619
300 0.14 121.636
300 0.15 116.78
300 0.16 112.054
300 0.17 107.465
300 0.18 103.014
300 0.19 98.7056
300 0.2 94.5419
300 0.21 90.5249
300 0.22 86.6563
300 0.23 82.9367
300 0.24 79.3667
300 0.25 75.946
300 0.26 72.6741
300 0.27 69.5499
300 0.28 66.5718
300 0.29 63.7378
300 0.3 61.0457
300 0.31 58.4928
300 0.32 56.0759
300 0.33 53.7919
300 0.34 51.6371
300 0.35 49.6077
300 0.36 47.6996
300 0.37 45.9089
300 0.38 44.231
300 0.39 42.6617
300 0.4 41.1964
300 0.41 39.8306
300 0.42 38.5597
300 0.43 37.3792
300 0.44 36.2845
300 0.45 35.2711
300 0.46 34.3347
300 0.47 33.4708
300 0.48 32.6752
300 0.49 31.9437
300 0.5 31.2724
300 0.51 30.6574
300 0.52 30.0949
300 0.53 29.5813
300 0.54 29.1131
300 0.55 28.6871
300 0.56 28.3002
300 0.57 27.9493
300 0.58 27.6316
300 0.59 27.3446
300 0.6 27.0856
300 0.61 26.8523
300 0.62 26.6426
300 0.63 26.4544
300 0.64 26.2857
300 0.65 26.1348
300 0.66 26.0001
300 0.67 25.88
300 0.68 25.7731
300 0.69 25.6782
300 0.7 25.5939
300 0.71 25.5193
300 0.72 25.4534
300 0.73 25.3952
300 0.74 25.344
300 0.75 25.2989
300 0.76 25.2593
300 0.77 25.2247
300 0.78 25.1943
300 0.79 25.1678
300 0.8 25.1447
300 0.81 25.1245
300 0.82 25.107
300 0.83 25.0919
300 0.84 25.0787
300 0.85 25.0673
300 0.86 25.0575
300 0.87 25.049
300 0.88 25.0418
300 0.89 25.0355
300 0.9 25.0301
300 0.91 25.0255
300 0.92 25.0216
300 0.93 25.0183
300 0.94 25.0154
300 0.95 25.013
300 0.96 25.0109
300 0.97 25.0092
300 0.98 25.0077
300 0.99 25.0064
300 1 25.0054
300 1.01 25.0045
300 1.02 25.0037
300 1.03 25.0031
300 1.04 25.0026
300 1.05 25.0021
300 1.06 25.0018
300 1.07 25.0015
300 1.08 25.0012
300 1.09 25.001
300 1.1 25.0008
300 1.11 25.0007
300 1.12 25.0006
300 1.13 25.0005
300 1.14 25.0004
300 1.15 25.0003
300 1.16 25.0002
300 1.17 25.0002
300 1.18 25.0002
300 1.19 25.0001
300 1.2 25.0001
300 1.21 25.0001
300 1.22 25.0001
300 1.23 25.0001
300 1.24 25
300 1.25 25
300 1.26 25
300 1.27 25
300 1.28 25
300 1.29 25
300 1.3 25
300 1.31 25
300 1.32 25
300 1.33 25
300 1.34 25
300 1.35 25
300 1.36 25
300 1.37 25
300 1.38 25
300 1.39 25
300 1.4 25
300 1.41 25
300 1.42 25
300 1.43 25
300 1.44 25
300 1.45 25
300 1.46 25
300 1.47 25
300 1.48 25
300 1.49 25
300 1.5 25
300 1.51 25
300 1.52 25
300 1.53 25
300 1.54 25
300 1.55 25
300 1.56 25
300 1.57 25
300 1.58 25
300 1.59 25
300 1.6 25
300 1.61 25
300 1.62 25
300 1.63 25
300 1.64 25
300 1.65 25
300 1.66 25
300 1.67 25
300 1.68 25
300 1.69 25
300 1.7 25
300 1.71 25
300 1.72 25
300 1.73 25
300 1.74 25
300 1.75 25
300 1.76 25
300 1.77 25
300 1.78 25
300 1.79 25
300 1.8 25
300 1.81 25
300 1.82 25
300 1.83 25
300 1.84 25
300 1.85 25
300 1.86 25
300 1.87 25
300 1.88 25
300 1.89 25
300 1.9 25
300 1.91 25
300 1.92 25
300 1.93 25
300 1.94 25
300 1.95 25
300 1.96 25
300 1.97 25
300 1.98 25
300 1.99 25
300 2 25

400 0 200
400 0.01 194.698
400 0.02 189.463
400 0.03 184.272
400 0.04 179.124
400 0.05 174.019
400 0.06 168.963
400 0.07 163.958
400 0.08 159.01
400 0.09 154.125
400 0.1 149.305
400 0.11 144.558
400 0.12 139.886
400 0.13 135.295
400 0.14 130.789
400 0.15 126.371
400 0.16 122.046
400 0.17 117.815
400 0.18 113.684
400 0.19 109.654
400 0.2 105.728
400 0.21 101.908
400 0.22 98.1956
400 0.23 94.5927
400 0.24 91.1005
400 0.25 87.7198
400 0.26 84.4513
400 0.27 81.2953
400 0.28 78.2517
400 0.29 75.3203
400 0.3 72.5007
400 0.31 69.792
400 0.32 67.1932
400 0.33 64.7031
400 0.34 62.3202
400 0.35 60.0427
400 0.36 57.8689
400 0.37 55.7967
400 0.38 53.8239
400 0.39 51.9481
400 0.4 50.1669
400 0.41 48.4776
400 0.42 46.8777
400 0.43 45.3643
400 0.44 43.9346
400 0.45 42.5858
400 0.46 41.3148
400 0.47 40.1188
400 0.48 38.9948
400 0.49 37.9397
400 0.5 36.9508
400 0.51 36.0249
400 0.52 35.1593
400 0.53 34.351
400 0.54 33.5972
400 0.55 32.8952
400 0.56 32.2422
400 0.57 31.6356
400 0.58 31.0729
400 0.59 30.5514
400 0.6 30.0689
400 0.61 29.623
400 0.62 29.2115
400 0.63 28.8321
400 0.64 28.4829
400 0.65 28.1618
400 0.66 27.867
400 0.67 27.5967
400 0.68 27.3491
400 0.69 27.1226
400 0.7 26.9157
400 0.71 26.727
400 0.72 26.555
400 0.73 26.3985
400 0.74 26.2563
400 0.75 26.1272
400 0.76 26.0102
400 0.77 25.9043
400 0.78 25.8085
400 0.79 25.722
400 0.8 25.644
400 0.81 25.5737
400 0.82 25.5106
400 0.83 25.4538
400 0.84 25.4029
400 0.85 25.3572
400 0.86 25.3164
400 0.87 25.2799
400 0.88 25.2473
400 0.89 25.2182
400 0.9 25.1924
400 0.91 25.1694
400 0.92 25.1489
400 0.93 25.1308
400 0.94 25.1147
400 0.95 25.1005
400 0.96 25.088
400 0.97 25.0769
400 0.98 25.0672
400 0.99 25.0586
400 1 25.051
400 1.01 25.0444
400 1.02 25.0386
400 1.03 25.0335
400 1.04 25.029
400 1.05 25.0251
400 1.06 25.0217
400 1.07 25.0188
400 1.08 25.0162
400 1.09 25.014
400 1.1 25.012
400 1.11 25.0103
400 1.12 25.0089
400 1.13 25.0076
400 1.14 25.0065
400 1.15 25.0056
400 1.16 25.0048
400 1.17 25.0041
400 1.18 25.0035
400 1.19 25.003
400 1.2 25.0025
400 1.21 25.0021
400 1.22 25.0018
400 1.23 25.0015
400 1.24 25.0013
400 1.25 25.0011
400 1.26 25.0009
400 1.27 25.0008
400 1.28 25.0007
400 1.29 25.0006
400 1.3 25.0005
400 1.31 25.0004
400 1.32 25.0003
400 1.33 25.0003
400 1.34 25.0002
400 1.35 25.0002
400 1.36 25.0002
400 1.37 25.0001
400 1.38 25.0001
400 1.39 25.0001
400 1.4 25.0001
400 1.41 25.0001
400 1.42 25.0001
400 1.43 25
400 1.44 25
400 1.45 25
400 1.46 25
400 1.47 25
400 1.48 25
400 1.49 25
400 1.5 25
400 1.51 25
400 1.52 25
400 1.53 25
400 1.54 25
400 1.55 25
400 1.56 25
400 1.57 25
400 1.58 25
400 1.59 25
400 1.6 25
400 1.61 25
400 1.62 25
400 1.63 25
400 1.64 25
400 1.65 25
400 1.66 25
400 1.67 25
400 1.68 25
400 1.69 25
400 1.7 25
400 1.71 25
400 1.72 25
400 1.73 25
400 1.74 25
400 1.75 25
400 1.76 25
400 1.77 25
400 1.78 25
400 1.79 25
400 1.8 25
400 1.81 25
400 1.82 25
400 1.83 25
400 1.84 25
400 1.85 25
400 1.86 25
400 1.87 25
400 1.88 25
400 1.89 25
400 1.9 25
400 1.91 25
400 1.92 25
400 1.93 25
400 1.94 25
400 1.95 25
400 1.96 25
400 1.97 25
400 1.98 25
400 1.99 25
400 2 25

500 0 200
500 0.01 195.212
500 0.02 190.489
500 0.03 185.807
500 0.04 181.162
500 0.05 176.553
500 0.06 171.983
500 0.07 167.455
500 0.08 162.972
500 0.09 158.537
500 0.1 154.153
500 0.11 149.824
500 0.12 145.554
500 0.13 141.345
500 0.14 137.201
500 0.15 133.124
500 0.16 129.118
500 0.17 125.185
500 0.18 121.327
500 0.19 117.547
500 0.2 113.847
500 0.21 110.229
500 0.22 106.694
500 0.23 103.244
500 0.24 99.8807
500 0.25 96.6048
500 0.26 93.4175
500 0.27 90.3193
500 0.28 87.3108
500 0.29 84.3925
500 0.3 81.5645
500 0.31 78.8267
500 0.32 76.179
500 0.33 73.6211
500 0.34 71.1523
500 0.35 68.7722
500 0.36 66.4797
500 0.37 64.274
500 0.38 62.1539
500 0.39 60.1182
500 0.4 58.1655
500 0.41 56.2944
500 0.42 54.5034
500 0.43 52.7906
500 0.44 51.1546
500 0.45 49.5933
500 0.46 48.1049
500 0.47 46.6875
500 0.48 45.339
500 0.49 44.0575
500 0.5 42.8409
500 0.51 41.6871
500 0.52 40.594
500 0.53 39.5594
500 0.54 38.5812
500 0.55 37.6573
500 0.56 36.7857
500 0.57 35.9641
500 0.58 35.1906
500 0.59 34.463
500 0.6 33.7793
500 0.61 33.1376
500 0.62 32.5359
500 0.63 31.9723
500 0.64 31.445
500 0.65 30.952
500 0.66 30.4917
500 0.67 30.0622
500 0.68 29.6621
500 0.69 29.2896
500 0.7 28.9432
500 0.71 28.6214
500 0.72 28.3227
500 0.73 28.0459
500 0.74 27.7895
500 0.75 27.5523
500 0.76 27.3331
500 0.77 27.1307
500 0.78 26.944
500 0.79 26.7721
500 0.8 26.6138
500 0.81 26.4682
500 0.82 26.3346
500 0.83 26.2119
500 0.84 26.0995
500 0.85 25.9966
500 0.86 25.9025
500 0.87 25.8164
500 0.88 25.7379
500 0.89 25.6663
500 0.9 25.6011
500 0.91 25.5417
500 0.92 25.4877
500 0.93 25.4387
500 0.94 25.3943
500 0.95 25.354
500 0.96 25.3175
500 0.97 25.2845
500 0.98 25.2547
500 0.99 25.2278
500 1 25.2036
500 1.01 25.1817
500 1.02 25.1621
500 1.03 25.1444
500 1.04 25.1285
500 1.05 25.1143
500 1.06 25.1015
500 1.07 25.0901
500 1.08 25.0799
500 1.09 25.0708
500 1.1 25.0626
500 1.11 25.0554
500 1.12 25.0489
500 1.13 25.0432
500 1.14 25.0381
500 1.15 25.0335
500 1.16 25.0295
500 1.17 25.0259
500 1.18 25.0228
500 1.19 25.02
500 1.2 25.0175
500 1.21 25.0153
500 1.22 25.0134
500 1.23 25.0117
500 1.24 25.0102
500 1.25 25.0089
500 1.26 25.0078
500 1.27 25.0068
500 1.28 25.0059
500 1.29 25.0051
500 1.3 25.0044
500 1.31 25.0039
500 1.32 25.0033
500 1.33 25.0029
500 1.34 25.0025
500 1.35 25.0022
500 1.36 25.0019
500 1.37 25.0016
500 1.38 25.0014
500 1.39 25.0012
500 1.4 25.001
500 1.41 25.0009
500 1.42 25.0008
500 1.43 25.0006
500 1.44 25.0006
500 1.45 25.0005
500 1.46 25.0004
500 1.47 25.0003
500 1.48 25.0003
500 1.49 25.0003
500 1.5 25.0002
500 1.51 25.0002
500 1.52 25.0002
500 1.53 25.0001
500 1.54 25.0001
500 1.55 25.0001
500 1.56 25.0001
500 1.57 25.0001
500 1.58 25.0001
500 1.59 25
500 1.6 25
500 1.61 25
500 1.62 25
500 1.63 25
500 1.64 25
500 1.65 25
500 1.66 25
500 1.67 25
500 1.68 25
500 1.69 25
500 1.7 25
500 1.71 25
500 1.72 25
500 1.73 25
500 1.74 25
500 1.75 25
500 1.76 25
500 1.77 25
500 1.78 25
500 1.79 25
500 1.8 25
500 1.81 25
500 1.82 25
500 1.83 25
500 1.84 25
500 1.85 25
500 1.86 25
500 1.87 25
500 1.88 25
500 1.89 25
500 1.9 25
500 1.91 25
500 1.92 25
500 1.93 25
500 1.94 25
500 1.95 25
500 1.96 25
500 1.97 25
500 1.98 25
500 1.99 25
500 2 25

600 0 200
600 0.01 195.588
600 0.02 191.24
600 0.03 186.932
600 0.04 182.656
600 0.05 178.413
600 0.06 174.204
600 0.07 170.03
600 0.08 165.893
600 0.09 161.796
600 0.1 157.742
600 0.11 153.732
600 0.12 149.77
600 0.13 145.858
600 0.14 141.998
600 0.15 138.192
600 0.16 134.444
600 0.17 130.754
600 0.18 127.125
600 0.19 123.559
600 0.2 120.057
600 0.21 116.622
600 0.22 113.254
600 0.23 109.955
600 0.24 106.727
600 0.25 103.57
600 0.26 100.485
600 0.27 97.4736
600 0.28 94.5361
600 0.29 91.673
600 0.3 88.885
600 0.31 86.1722
600 0.32 83.5348
600 0.33 80.9729
600 0.34 78.4865
600 0.35 76.0753
600 0.36 73.739
600 0.37 71.4773
600 0.38 69.2896
600 0.39 67.1753
600 0.4 65.1337
600 0.41 63.1638
600 0.42 61.2649
600 0.43 59.4359
600 0.44 57.6758
600 0.45 55.9834
600 0.46 54.3574
600 0.47 52.7967
600 0.48 51.2999
600 0.49 49.8656
600 0.5 48.4923
600 0.51 47.1786
600 0.52 45.923
600 0.53 44.7239
600 0.54 43.5798
600 0.55 42.4891
600 0.56 41.4503
600 0.57 40.4615
600 0.58 39.5214
600 0.59 38.6282
600 0.6 37.7804
600 0.61 36.9763
600 0.62 36.2143
600 0.63 35.4928
600 0.64 34.8104
600 0.65 34.1653
600 0.66 33.5562
600 0.67 32.9815
600 0.68 32.4396
600 0.69 31.9293
600 0.7 31.449
600 0.71 30.9974
600 0.72 30.5731
600 0.73 30.1749
600 0.74 29.8014
600 0.75 29.4514
600 0.76 29.1237
600 0.77 28.8172
600 0.78 28.5308
600 0.79 28.2632
600 0.8 28.0137
600 0.81 27.781
600 0.82 27.5643
600 0.83 27.3626
600 0.84 27.1751
600 0.85 27.0009
600 0.86 26.8392
600 0.87 26.6892
600 0.88 26.5503
600 0.89 26.4216
600 0.9 26.3026
600 0.91 26.1926
600 0.92 26.0911
600 0.93 25.9974
600 0.94 25.911
600 0.95 25.8315
600 0.96 25.7583
600 0.97 25.691
600 0.98 25.6291
600 0.99 25.5724
600 1 25.5203
600 1.01 25.4726
600 1.02 25.429
600 1.03 25.389
600 1.04 25.3525
600 1.05 25.3192
600 1.06 25.2888
600 1.07 25.261
600 1.08 25.2358
600 1.09 25.2128
600 1.1 25.1919
600 1.11 25.1729
600 1.12 25.1557
600 1.13 25.1401
600 1.14 25.1259
600 1.15 25.1131
600 1.16 25.1015
600 1.17 25.091
600 1.18 25.0816
600 1.19 25.073
600 1.2 25.0653
600 1.21 25.0584
600 1.22 25.0522
600 1.23 25.0466
600 1.24 25.0415
600 1.25 25.037
600 1.26 25.0329
600 1.27 25.0293
600 1.28 25.026
600 1.29 25.0231
600 1.3 25.0205
600 1.31 25.0182
600 1.32 25.0161
600 1.33 25.0143
600 1.34 25.0126
600 1.35 25.0112
600 1.36 25.0099
600 1.37 25.0087
600 1.38 25.0077
600 1.39 25.0068
600 1.4 25.0059
600 1.41 25.0052
600 1.42 25.0046
600 1.43 25.004
600 1.44 25.0035
600 1.45 25.0031
600 1.46 25.0027
600 1.47 25.0024
600 1.48 25.0021
600 1.49 25.0018
600 1.5 25.0016
600 1.51 25.0014
600 1.52 25.0012
600 1.53 25.0011
600 1.54 25.0009
600 1.55 25.0008
600 1.56 25.0007
600 1.57 25.0006
600 1.58 25.0005
600 1.59 25.0005
600 1.6 25.0004
600 1.61 25.0003
600 1.62 25.0003
600 1.63 25.0003
600 1.64 25.0002
600 1.65 25.0002
600 1.66 25.0002
600 1.67 25.0001
600 1.68 25.0001
600 1.69 25.0001
600 1.7 25.0001
600 1.71 25.0001
600 1.72 25.0001
600 1.73 25.0001
600 1.74 25
600 1.75 25
600 1.76 25
600 1.77 25
600 1.78 25
600 1.79 25
600 1.8 25
600 1.81 25
600 1.82 25
600 1.83 25
600 1.84 25
600 1.85 25
600 1.86 25
600 1.87 25
600 1.88 25
600 1.89 25
600 1.9 25
600 1.91 25
600 1.92 25
600 1.93 25
600 1.94 25
600 1.95 25
600 1.96 25
600 1.97 25
600 1.98 25
600 1.99 25
600 2 25

700 0 200
700 0.01 195.878
700 0.02 191.82
700 0.03 187.799
700 0.04 183.81
700 0.05 179.85
700 0.06 175.92
700 0.07 172.022
700 0.08 168.156
700 0.09 164.324
700 0.1 160.529
700 0.11 156.772
700 0.12 153.055
700 0.13 149.381
700 0.14 145.75
700 0.15 142.166
700 0.16 138.629
700 0.17 135.141
700 0.18 131.705
700 0.19 128.321
700 0.2 124.991
700 0.21 121.716
700 0.22 118.498
700 0.23 115.338
700 0.24 112.237
700 0.25 109.197
700 0.26 106.217
700 0.27 103.299
700 0.28 100.443
700 0.29 97.6508
700 0.3 94.9221
700 0.31 92.2575
700 0.32 89.6574
700 0.33 87.122
700 0.34 84.6516
700 0.35 82.246
700 0.36 79.9053
700 0.37 77.6295
700 0.38 75.4182
700 0.39 73.2712
700 0.4 71.1882
700 0.41 69.1686
700 0.42 67.212
700 0.43 65.3178
700 0.44 63.4853
700 0.45 61.7139
700 0.46 60.0026
700 0.47 58.3507
700 0.48 56.7572
700 0.49 55.2213
700 0.5 53.7419
700 0.51 52.318
700 0.52 50.9485
700 0.53 49.6323
700 0.54 48.3682
700 0.55 47.1551
700 0.56 45.9917
700 0.57 44.8769
700 0.58 43.8094
700 0.59 42.7879
700 0.6 41.8112
700 0.61 40.8781
700 0.62 39.9871
700 0.63 39.137
700 0.64 38.3266
700 0.65 37.5546
700 0.66 36.8197
700 0.67 36.1206
700 0.68 35.4561
700 0.69 34.8249
700 0.7 34.2258
700 0.71 33.6575
700 0.72 33.119
700 0.73 32.609
700 0.74 32.1264
700 0.75 31.6699
700 0.76 31.2386
700 0.77 30.8314
700 0.78 30.4471
700 0.79 30.0848
700 0.8 29.7435
700 0.81 29.4221
700 0.82 29.1198
700 0.83 28.8355
700 0.84 28.5686
700 0.85 28.3179
700 0.86 28.0829
700 0.87 27.8625
700 0.88 27.6561
700 0.89 27.463
700 0.9 27.2824
700 0.91 27.1135
700 0.92 26.9559
700 0.93 26.8088
700 0.94 26.6716
700 0.95 26.5438
700 0.96 26.4248
700 0.97 26.3141
700 0.98 26.2112
700 0.99 26.1155
700 1 26.0268
700 1.01 25.9444
700 1.02 25.8681
700 1.03 25.7973
700 1.04 25.7319
700 1.05 25.6714
700 1.06 25.6154
700 1.07 25.5637
700 1.08 25.5161
700 1.09 25.4721
700 1.1 25.4316
700 1.11 25.3942
700 1.12 25.3599
700 1.13 25.3283
700 1.14 25.2993
700 1.15 25.2727
700 1.16 25.2483
700 1.17 25.2259
700 1.18 25.2053
700 1.19 25.1866
700 1.2 25.1694
700 1.21 25.1537
700 1.22 25.1393
700 1.23 25.1262
700 1.24 25.1143
700 1.25 25.1034
700 1.26 25.0935
700 1.27 25.0845
700 1.28 25.0763
700 1.29 25.0688
700 1.3 25.062
700 1.31 25.0559
700 1.32 25.0503
700 1.33 25.0453
700 1.34 25.0407
700 1.35 25.0366
700 1.36 25.0329
700 1.37 25.0295
700 1.38 25.0264
700 1.39 25.0237
700 1.4 25.0212
700 1.41 25.019
700 1.42 25.017
700 1.43 25.0152
700 1.44 25.0135
700 1.45 25.0121
700 1.46 25.0108
700 1.47 25.0096
700 1.48 25.0085
700 1.49 25.0076
700 1.5 25.0068
700 1.51 25.006
700 1.52 25.0053
700 1.53 25.0047
700 1.54 25.0042
700 1.55 25.0037
700 1.56 25.0033
700 1.57 25.0029
700 1.58 25.0026
700 1.59 25.0023
700 1.6 25.002
700 1.61 25.0018
700 1.62 25.0016
700 1.63 25.0014
700 1.64 25.0012
700 1.65 25.0011
700 1.66 25.0009
700 1.67 25.0008
700 1.68 25.0007
700 1.69 25.0006
700 1.7 25.0006
700 1.71 25.0005
700 1.72 25.0004
700 1.73 25.0004
700 1.74 25.0003
700 1.75 25.0003
700 1.76 25.0003
700 1.77 25.0002
700 1.78 25.0002
700 1.79 25.0002
700 1.8 25.0001
700 1.81 25.0001
700 1.82 25.0001
700 1.83 25.0001
700 1.84 25.0001
700 1.85 25.0001
700 1.86 25.0001
700 1.87 25.0001
700 1.88 25
700 1.89 25
700 1.9 25
700 1.91 25
700 1.92 25
700 1.93 25
700 1.94 25
700 1.95 25
700 1.96 25
700 1.97 25
700 1.98 25
700 1.99 25
700 2 25

800 0 200
800 0.01 196.11
800 0.02 192.283
800 0.03 188.493
800 0.04 184.733
800 0.05 181.001
800 0.06 177.296
800 0.07 173.619
800 0.08 169.971
800 0.09 166.354
800 0.1 162.77
800 0.11 159.219
800 0.12 155.703
800 0.13 152.224
800 0.14 148.783
800 0.15 145.382
800 0.16 142.022
800 0.17 138.705
800 0.18 135.432
800 0.19 132.204
800 0.2 129.022
800 0.21 125.889
800 0.22 122.804
800 0.23 119.769
800 0.24 116.785
800 0.25 113.852
800 0.26 110.972
800 0.27 108.146
800 0.28 105.373
800 0.29 102.655
800 0.3 99.9925
800 0.31 97.3855
800 0.32 94.8346
800 0.33 92.3402
800 0.34 89.9024
800 0.35 87.5214
800 0.36 85.1975
800 0.37 82.9305
800 0.38 80.7206
800 0.39 78.5675
800 0.4 76.4712
800 0.41 74.4314
800 0.42 72.4479
800 0.43 70.5203
800 0.44 68.6482
800 0.45 66.8312
800 0.46 65.0687
800 0.47 63.3602
800 0.48 61.7051
800 0.49 60.1027
800 0.5 58.5524
800 0.51 57.0534
800 0.52 55.6049
800 0.53 54.2061
800 0.54 52.8561
800 0.55 51.5542
800 0.56 50.2993
800 0.57 49.0906
800 0.58 47.9271
800 0.59 46.8078
800 0.6 45.7317
800 0.61 44.6979
800 0.62 43.7053
800 0.63 42.7528
800 0.64 41.8395
800 0.65 40.9642
800 0.66 40.126
800 0.67 39.3238
800 0.68 38.5565
800 0.69 37.8231
800 0.7 37.1226
800 0.71 36.4538
800 0.72 35.8158
800 0.73 35.2076
800 0.74 34.6281
800 0.75 34.0763
800 0.76 33.5512
800 0.77 33.052
800 0.78 32.5775
800 0.79 32.1269
800 0.8 31.6992
800 0.81 31.2936
800 0.82 30.9091
800 0.83 30.545
800 0.84 30.2002
800 0.85 29.8741
800 0.86 29.5657
800 0.87 29.2744
800 0.88 28.9993
800 0.89 28.7398
800 0.9 28.4951
800 0.91 28.2644
800 0.92 28.0473
800 0.93 27.8428
800 0.94 27.6506
800 0.95 27.4699
800 0.96 27.3001
800 0.97 27.1408
800 0.98 26.9913
800 0.99 26.8512
800 1 26.7199
800 1.01 26.597
800 1.02 26.482
800 1.03 26.3745
800 1.04 26.274
800 1.05 26.1801
800 1.06 26.0925
800 1.07 26.0108
800 1.08 25.9347
800 1.09 25.8638
800 1.1 25.7978
800 1.11 25.7364
800 1.12 25.6793
800 1.13 25.6262
800 1.14 25.577
800 1.15 25.5313
800 1.16 25.489
800 1.17 25.4497
800 1.18 25.4133
800 1.19 25.3797
800 1.2 25.3486
800 1.21 25.3198
800 1.22 25.2933
800 1.23 25.2688
800 1.24 25.2461
800 1.25 25.2253
800 1.26 25.2061
800 1.27 25.1884
800 1.28 25.1721
800 1.29 25.1572
800 1.3 25.1434
800 1.31 25.1308
800 1.32 25.1192
800 1.33 25.1086
800 1.34 25.0989
800 1.35 25.0899
800 1.36 25.0818
800 1.37 25.0743
800 1.38 25.0675
800 1.39 25.0612
800 1.4 25.0555
800 1.41 25.0504
800 1.42 25.0456
800 1.43 25.0413
800 1.44 25.0374
800 1.45 25.0338
800 1.46 25.0305
800 1.47 25.0276
800 1.48 25.0249
800 1.49 25.0225
800 1.5 25.0202
800 1.51 25.0182
800 1.52 25.0164
800 1.53 25.0148
800 1.54 25.0133
800 1.55 25.0119
800 1.56 25.0107
800 1.57 25.0096
800 1.58 25.0086
800 1.59 25.0077
800 1.6 25.0069
800 1.61 25.0062
800 1.62 25.0056
800 1.63 25.005
800 1.64 25.0044
800 1.65 25.004
800 1.66 25.0035
800 1.67 25.0032
800 1.68 25.0028
800 1.69 25.0025
800 1.7 25.0022
800 1.71 25.002
800 1.72 25.0018
800 1.73 25.0016
800 1.74 25.0014
800 1.75 25.0012
800 1.76 25.0011
800 1.77 25.001
800 1.78 25.0009
800 1.79 25.0008
800 1.8 25.0007
800 1.81 25.0006
800 1.82 25.0005
800 1.83 25.0005
800 1.84 25.0004
800 1.85 25.0004
800 1.86 25.0003
800 1.87 25.0003
800 1.88 25.0003
800 1.89 25.0002
800 1.9 25.0002
800 1.91 25.0002
800 1.92 25.0002
800 1.93 25.0002
800 1.94 25.0001
800 1.95 25.0001
800 1.96 25.0001
800 1.97 25.0001
800 1.98 25.0001
800 1.99 25.0001
800 2 25.0001

900 0 200
900 0.01 196.301
900 0.02 192.664
900 0.03 189.064
900 0.04 185.492
900 0.05 181.947
900 0.06 178.427
900 0.07 174.933
900 0.08 171.467
900 0.09 168.028
900 0.1 164.618
900 0.11 161.239
900 0.12 157.891
900 0.13 154.576
900 0.14 151.295
900 0.15 148.049
900 0.16 144.84
900 0.17 141.668
900 0.18 138.536
900 0.19 135.443
900 0.2 132.391
900 0.21 129.38
900 0.22 126.413
900 0.23 123.49
900 0.24 120.611
900 0.25 117.778
900 0.26 114.991
900 0.27 112.251
900 0.28 109.558
900 0.29 106.913
900 0.3 104.318
900 0.31 101.771
900 0.32 99.2737
900 0.33 96.8264
900 0.34 94.4294
900 0.35 92.0827
900 0.36 89.7868
900 0.37 87.5415
900 0.38 85.3471
900 0.39 83.2036
900 0.4 81.1109
900 0.41 79.069
900 0.42 77.0777
900 0.43 75.1369
900 0.44 73.2462
900 0.45 71.4055
900 0.46 69.6144
900 0.47 67.8726
900 0.48 66.1795
900 0.49 64.5349
900 0.5 62.9381
900 0.51 61.3888
900 0.52 59.8862
900 0.53 58.4298
900 0.54 57.019
900 0.55 55.6531
900 0.56 54.3315
900 0.57 53.0534
900 0.58 51.8181
900 0.59 50.6248
900 0.6 49.4727
900 0.61 48.3612
900 0.62 47.2892
900 0.63 46.2561
900 0.64 45.2609
900 0.65 44.3029
900 0.66 43.3811
900 0.67 42.4948
900 0.68 41.6429
900 0.69 40.8247
900 0.7 40.0392
900 0.71 39.2857
900 0.72 38.5631
900 0.73 37.8706
900 0.74 37.2074
900 0.75 36.5725
900 0.76 35.9652
900 0.77 35.3845
900 0.78 34.8296
900 0.79 34.2996
900 0.8 33.7937
900 0.81 33.3112
900 0.82 32.8511
900 0.83 32.4127
900 0.84 31.9953
900 0.85 31.5979
900 0.86 31.22
900 0.87 30.8607
900 0.88 30.5193
900 0.89 30.1951
900 0.9 29.8875
900 0.91 29.5957
900 0.92 29.3191
900 0.93 29.057
900 0.94 28.8089
900 0.95 28.5741
900 0.96 28.352
900 0.97 28.1421
900 0.98 27.9438
900 0.99 27.7566
900 1 27.5799
900 1.01 27.4133
900 1.02 27.2563
900 1.03 27.1084
900 1.04 26.9691
900 1.05 26.8381
900 1.06 26.7149
900 1.07 26.5991
900 1.08 26.4904
900 1.09 26.3883
900 1.1 26.2925
900 1.11 26.2027
900 1.12 26.1185
900 1.13 26.0397
900 1.14 25.9659
900 1.15 25.8969
900 1.16 25.8324
900 1.17 25.7721
900 1.18 25.7158
900 1.19 25.6632
900 1.2 25.6142
900 1.21 25.5685
900 1.22 25.5259
900 1.23 25.4863
900 1.24 25.4494
900 1.25 25.415
900 1.26 25.3831
900 1.27 25.3535
900 1.28 25.326
900 1.29 25.3004
900 1.3 25.2767
900 1.31 25.2548
900 1.32 25.2344
900 1.33 25.2156
900 1.34 25.1982
900 1.35 25.1821
900 1.36 25.1672
900 1.37 25.1534
900 1.38 25.1407
900 1.39 25.129
900 1.4 25.1182
900 1.41 25.1082
900 1.42 25.099
900 1.43 25.0906
900 1.44 25.0828
900 1.45 25.0757
900 1.46 25.0691
900 1.47 25.0631
900 1.48 25.0576
900 1.49 25.0525
900 1.5 25.0478
900 1.51 25.0436
900 1.52 25.0396
900 1.53 25.0361
900 1.54 25.0328
900 1.55 25.0298
900 1.56 25.0271
900 1.57 25.0246
900 1.58 25.0223
900 1.59 25.0202
900 1.6 25.0183
900 1.61 25.0166
900 1.62 25.015
900 1.63 25.0136
900 1.64 25.0123
900 1.65 25.0111
900 1.66 25.01
900 1.67 25.0091
900 1.68 25.0082
900 1.69 25.0074
900 1.7 25.0067
900 1.71 25.006
900 1.72 25.0054
900 1.73 25.0049
900 1.74 25.0044
900 1.75 25.0039
900 1.76 25.0035
900 1.77 25.0032
900 1.78 25.0029
900 1.79 25.0026
900 1.8 25.0023
900 1.81 25.0021
900 1.82 25.0019
900 1.83 25.0017
900 1.84 25.0015
900 1.85 25.0013
900 1.86 25.0012
900 1.87 25.0011
900 1.88 25.001
900 1.89 25.0009
900 1.9 25.0008
900 1.91 25.0007
900 1.92 25.0007
900 1.93 25.0006
900 1.94 25.0006
900 1.95 25.0005
900 1.96 25.0005
900 1.97 25.0005
900 1.98 25.0005
900 1.99 25.0005
900 2 25.0005

