0 0 200
0 0.01 80.7513
0 0.02 43.0334
0 0.03 30.8911
0 0.04 26.9372
0 0.05 25.6399
0 0.06 25.212
0 0.07 25.0704
0 0.08 25.0234
0 0.09 25.0078
0 0.1 25.0026
0 0.11 25.0009
0 0.12 25.0003
0 0.13 25.0001
0 0.14 25
0 0.15 25
0 0.16 25
0 0.17 25
0 0.18 25
0 0.19 25
0 0.2 25
0 0.21 25
0 0.22 25
0 0.23 25
0 0.24 25
0 0.25 25
0 0.26 25
0 0.27 25
0 0.28 25
0 0.29 25
0 0.3 25
0 0.31 25
0 0.32 25
0 0.33 25
0 0.34 25
0 0.35 25
0 0.36 25
0 0.37 25
0 0.38 25
0 0.39 25
0 0.4 25
0 0.41 25
0 0.42 25
0 0.43 25
0 0.44 25
0 0.45 25
0 0.46 25
0 0.47 25
0 0.48 25
0 0.49 25
0 0.5 25
0 0.51 25
0 0.52 25
0 0.53 25
0 0.54 25
0 0.55 25
0 0.56 25
0 0.57 25
0 0.58 25
0 0.59 25
0 0.6 25
0 0.61 25
0 0.62 25
0 0.63 25
0 0.64 25
0 0.65 25
0 0.66 25
0 0.67 25
0 0.68 25
0 0.69 25
0 0.7 25
0 0.71 25
0 0.72 25
0 0.73 25
0 0.74 25
0 0.75 25
0 0.76 25
0 0.77 25
0 0.78 25
0 0.79 25
0 0.8 25
0 0.81 25
0 0.82 25
0 0.83 25
0 0.84 25
0 0.85 25
0 0.86 25
0 0.87 25
0 0.88 25
0 0.89 25
0 0.9 25
0 0.91 25
0 0.92 25
0 0.93 25
0 0.94 25
0 0.95 25
0 0.96 25
0 0.97 25
0 0.98 25
0 0.99 25
0 1 25
0 1.01 25
0 1.02 25
0 1.03 25
0 1.04 25
0 1.05 25
0 1.06 25
0 1.07 25
0 1.08 25
0 1.09 25
0 1.1 25
0 1.11 25
0 1.12 25
0 1.13 25
0 1.14 25
0 1.15 25
0 1.16 25
0 1.17 25
0 1.18 25
0 1.19 25
0 1.2 25
0 1.21 25
0 1.22 25
0 1.23 25
0 1.24 25
0 1.25 25
0 1.26 25
0 1.27 25
0 1.28 25
0 1.29 25
0 1.3 25
0 1.31 25
0 1.32 25
0 1.33 25
0 1.34 25
0 1.35 25
0 1.36 25
0 1.37 25
0 1.38 25
0 1.39 25
0 1.4 25
0 1.41 25
0 1.42 25
0 1.43 25
0 1.44 25
0 1.45 25
0 1.46 25
0 1.47 25
0 1.48 25
0 1.49 25
0 1.5 25
0 1.51 25
0 1.52 25
0 1.53 25
0 1.54 25
0 1.55 25
0 1.56 25
0 1.57 25
0 1.58 25
0 1.59 25
0 1.6 25
0 1.61 25
0 1.62 25
0 1.63 25
0 1.64 25
0 1.65 25
0 1.66 25
0 1.67 25
0 1.68 25
0 1.69 25
0 1.7 25
0 1.71 25
0 1.72 25
0 1.73 25
0 1.74 25
0 1.75 25
0 1.76 25
0 1.77 25
0 1.78 25
0 1.79 25
0 1.8 25
0 1.81 25
0 1.82 25
0 1.83 25
0 1.84 25
0 1.85 25
0 1.86 25
0 1.87 25
0 1.88 25
0 1.89 25
0 1.9 25
0 1.91 25
0 1.92 25
0 1.93 25
0 1.94 25
0 1.95 25
0 1.96 25
0 1.97 25
0 1.98 25
0 1.99 25
0 2 25

100 0 200
100 0.01 188.404
100 0.02 177.447
100 0.03 166.9
100 0.04 156.705
100 0.05 146.861
100 0.06 137.378
100 0.07 128.276
100 0.08 119.574
100 0.09 111.29
100 0.1 103.438
100 0.11 96.0311
100 0.12 89.0755
100 0.13 82.5749
100 0.14 76.529
100 0.15 70.933
100 0.16 65.7789
100 0.17 61.0549
100 0.18 56.7467
100 0.19 52.8369
100 0.2 49.3064
100 0.21 46.1342
100 0.22 43.298
100 0.23 40.7749
100 0.24 38.5415
100 0.25 36.5743
100 0.26 34.8502
100 0.27 33.3466
100 0.28 32.0419
100 0.29 30.9153
100 0.3 29.9473
100 0.31 29.1196
100 0.32 28.4155
100 0.33 27.8193
100 0.34 27.317
100 0.35 26.8959
100 0.36 26.5446
100 0.37 26.2529
100 0.38 26.0118
100 0.39 25.8136
100 0.4 25.6513
100 0.41 25.5192
100 0.42 25.412
100 0.43 25.3256
100 0.44 25.2562
100 0.45 25.2007
100 0.46 25.1566
100 0.47 25.1216
100 0.48 25.0941
100 0.49 25.0724
100 0.5 25.0555
100 0.51 25.0424
100 0.52 25.0323
100 0.53 25.0244
100 0.54 25.0184
100 0.55 25.0138
100 0.56 25.0103
100 0.57 25.0077
100 0.58 25.0057
100 0.59 25.0042
100 0.6 25.0031
100 0.61 25.0023
100 0.62 25.0017
100 0.63 25.0012
100 0.64 25.0009
100 0.65 25.0006
100 0.66 25.0005
100 0.67 25.0003
100 0.68 25.0002
100 0.69 25.0002
100 0.7 25.0001
100 0.71 25.0001
100 0.72 25.0001
100 0.73 25
100 0.74 25
100 0.75 25
100 0.76 25
100 0.77 25
100 0.78 25
100 0.79 25
100 0.8 25
100 0.81 25
100 0.82 25
100 0.83 25
100 0.84 25
100 0.85 25
100 0.86 25
100 0.87 25
100 0.88 25
100 0.89 25
100 0.9 25
100 0.91 25
100 0.92 25
100 0.93 25
100 0.94 25
100 0.95 25
100 0.96 25
100 0.97 25
100 0.98 25
100 0.99 25
100 1 25
100 1.01 25
100 1.02 25
100 1.03 25
100 1.04 25
100 1.05 25
100 1.06 25
100 1.07 25
100 1.08 25
100 1.09 25
100 1.1 25
100 1.11 25
100 1.12 25
100 1.13 25
100 1.14 25
100 1.15 25
100 1.16 25
100 1.17 25
100 1.18 25
100 1.19 25
100 1.2 25
100 1.21 25
100 1.22 25
100 1.23 25
100 1.24 25
100 1.25 25
100 1.26 25
100 1.27 25
100 1.28 25
100 1.29 25
100 1.3 25
100 1.31 25
100 1.32 25
100 1.33 25
100 1.34 25
100 1.35 25
100 1.36 25
100 1.37 25
100 1.38 25
100 1.39 25
100 1.4 25
100 1.41 25
100 1.42 25
100 1.43 25
100 1.44 25
100 1.45 25
100 1.46 25
100 1.47 25
100 1.48 25
100 1.49 25
100 1.5 25
100 1.51 25
100 1.52 25
100 1.53 25
100 1.54 25
100 1.55 25
100 1.56 25
100 1.57 25
100 1.58 25
100 1.59 25
100 1.6 25
100 1.61 25
100 1.62 25
100 1.63 25
100 1.64 25
100 1.65 25
100 1.66 25
100 1.67 25
100 1.68 25
100 1.69 25
100 1.7 25
100 1.71 25
100 1.72 25
100 1.73 25
100 1.74 25
100 1.75 25
100 1.76 25
100 1.77 25
100 1.78 25
100 1.79 25
100 1.8 25
100 1.81 25
100 1.82 25
100 1.83 25
100 1.84 25
100 1.85 25
100 1.86 25
100 1.87 25
100 1.88 25
100 1.89 25
100 1.9 25
100 1.91 25
100 1.92 25
100 1.93 25
100 1.94 25
100 1.95 25
100 1.96 25
100 1.97 25
100 1.98 25
100 1.99 25
100 2 25

200 0 200
200 0.01 191.002
200 0.02 182.616
200 0.03 174.58
200 0.04 166.808
200 0.05 159.27
200 0.06 151.955
200 0.07 144.858
200 0.08 137.98
200 0.09 131.325
200 0.1 124.894
200 0.11 118.692
200 0.12 112.721
200 0.13 106.985
200 0.14 101.485
200 0.15 96.2231
200 0.16 91.1995
200 0.17 86.414
200 0.18 81.8655
200 0.19 77.5521
200 0.2 73.4708
200 0.21 69.6182
200 0.22 65.9898
200 0.23 62.5807
200 0.24 59.3852
200 0.25 56.3969
200 0.26 53.6093
200 0.27 51.0149
200 0.28 48.6063
200 0.29 46.3757
200 0.3 44.3148
200 0.31 42.4154
200 0.32 40.6691
200 0.33 39.0676
200 0.34 37.6025
200 0.35 36.2654
200 0.36 35.0482
200 0.37 33.9428
200 0.38 32.9416
200 0.39 32.0368
200 0.4 31.2214
200 0.41 30.4882
200 0.42 29.8306
200 0.43 29.2423
200 0.44 28.7174
200 0.45 28.25
200 0.46 27.8351
200 0.47 27.4675
200 0.48 27.1427
200 0.49 26.8565
200 0.5 26.6049
200 0.51 26.3842
200 0.52 26.1912
200 0.53 26.0227
200 0.54 25.8761
200 0.55 25.7488
200 0.56 25.6385
200 0.57 25.5432
200 0.58 25.4611
200 0.59 25.3905
200 0.6 25.33
200 0.61 25.2782
200 0.62 25.234
200 0.63 25.1964
200 0.64 25.1644
200 0.65 25.1373
200 0.66 25.1145
200 0.67 25.0952
200 0.68 25.079
200 0.69 25.0654
200 0.7 25.054
200 0.71 25.0445
200 0.72 25.0366
200 0.73 25.03
200 0.74 25.0246
200 0.75 25.02
200 0.76 25.0163
200 0.77 25.0133
200 0.78 25.0108
200 0.79 25.0087
200 0.8 25.007
200 0.81 25.0057
200 0.82 25.0046
200 0.83 25.0037
200 0.84 25.0029
200 0.85 25.0023
200 0.86 25.0019
200 0.87 25.0015
200 0.88 25.0012
200 0.89 25.0009
200 0.9 25.0007
200 0.91 25.0006
200 0.92 25.0005
200 0.93 25.0004
200 0.94 25.0003
200 0.95 25.0002
200 0.96 25.0002
200 0.97 25.0001
200 0.98 25.0001
200 0.99 25.0001
200 1 25.0001
200 1.01 25
200 1.02 25
200 1.03 25
200 1.04 25
200 1.05 25
200 1.06 25
200 1.07 25
200 1.08 25
200 1.09 25
200 1.1 25
200 1.11 25
200 1.12 25
200 1.13 25
200 1.14 25
200 1.15 25
200 1.16 25
200 1.17 25
200 1.18 25
200 1.19 25
200 1.2 25
200 1.21 25
200 1.22 25
200 1.23 25
200 1.24 25
200 1.25 25
200 1.26 25
200 1.27 25
200 1.28 25
200 1.29 25
200 1.3 25
200 1.31 25
200 1.32 25
200 1.33 25
200 1.34 25
200 1.35 25
200 1.36 25
200 1.37 25
200 1.38 25
200 1.39 25
200 1.4 25
200 1.41 25
200 1.42 25
200 1.43 25
200 1.44 25
200 1.45 25
200 1.46 25
200 1.47 25
200 1.48 25
200 1.49 25
200 1.5 25
200 1.51 25
200 1.52 25
200 1.53 25
200 1.54 25
200 1.55 25
200 1.56 25
200 1.57 25
200 1.58 25
200 1.59 25
200 1.6 25
200 1.61 25
200 1.62 25
200 1.63 25
200 1.64 25
200 1.65 25
200 1.66 25
200 1.67 25
200 1.68 25
200 1.69 25
200 1.7 25
200 1.71 25
200 1.72 25
200 1.73 25
200 1.74 25
200 1.75 25
200 1.76 25
200 1.77 25
200 1.78 25
200 1.79 25
200 1.8 25
200 1.81 25
200 1.82 25
200 1.83 25
200 1.84 25
200 1.85 25
200 1.86 25
200 1.87 25
200 1.88 25
200 1.89 25
200 1.9 25
200 1.91 25
200 1.92 25
200 1.93 25
200 1.94 25
200 1.95 25
200 1.96 25
200 1.97 25
200 1.98 25
200 1.99 25
200 2 25

300 0 200
300 0.01 192.063
300 0.02 184.732
300 0.03 177.736
300 0.04 170.984
300 0.05 164.44
300 0.06 158.084
300 0.07 151.908
300 0.08 145.907
300 0.09 140.078
300 0.1 134.42
300 0.11 128.933
300 0.12 123.616
300 0.13 118.469
300 0.14 113.493
300 0.15 108.688
300 0.16 104.053
300 0.17 99.5883
300 0.18 95.2926
300 0.19 91.1651
300 0.2 87.2047
300 0.21 83.4096
300 0.22 79.7782
300 0.23 76.3082
300 0.24 72.9971
300 0.25 69.8423
300 0.26 66.8408
300 0.27 63.9894
300 0.28 61.2845
300 0.29 58.7225
300 0.3 56.2995
300 0.31 54.0115
300 0.32 51.8543
300 0.33 49.8236
300 0.34 47.9149
300 0.35 46.1237
300 0.36 44.4453
300 0.37 42.8753
300 0.38 41.4089
300 0.39 40.0415
300 0.4 38.7683
300 0.41 37.585
300 0.42 36.4868
300 0.43 35.4693
300 0.44 34.5281
300 0.45 33.6589
300 0.46 32.8575
300 0.47 32.1198
300 0.48 31.4418
300 0.49 30.8198
300 0.5 30.2501
300 0.51 29.7291
300 0.52 29.2535
300 0.53 28.8199
300 0.54 28.4255
300 0.55 28.0671
300 0.56 27.7421
300 0.57 27.4478
300 0.58 27.1818
300 0.59 26.9418
300 0.6 26.7255
300 0.61 26.531
300 0.62 26.3564
300 0.63 26.1998
300 0.64 26.0597
300 0.65 25.9345
300 0.66 25.8228
300 0.67 25.7234
300 0.68 25.635
300 0.69 25.5565
300 0.7 25.487
300 0.71 25.4255
300 0.72 25.3712
300 0.73 25.3234
300 0.74 25.2812
300 0.75 25.2442
300 0.76 25.2117
300 0.77 25.1833
300 0.78 25.1584
300 0.79 25.1367
300 0.8 25.1178
300 0.81 25.1013
300 0.82 25.087
300 0.83 25.0747
300 0.84 25.0639
300 0.85 25.0547
300 0.86 25.0467
300 0.87 25.0398
300 0.88 25.0338
300 0.89 25.0287
300 0.9 25.0244
300 0.91 25.0207
300 0.92 25.0175
300 0.93 25.0148
300 0.94 25.0124
300 0.95 25.0105
300 0.96 25.0088
300 0.97 25.0074
300 0.98 25.0062
300 0.99 25.0052
300 1 25.0043
300 1.01 25.0036
300 1.02 25.003
300 1.03 25.0025
300 1.04 25.0021
300 1.05 25.0017
300 1.06 25.0014
300 1.07 25.0012
300 1.08 25.001
300 1.09 25.0008
300 1.1 25.0007
300 1.11 25.0005
300 1.12 25.0004
300 1.13 25.0004
300 1.14 25.0003
300 1.15 25.0002
300 1.16 25.0002
300 1.17 25.0002
300 1.18 25.0001
300 1.19 25.0001
300 1.2 25.0001
300 1.21 25.0001
300 1.22 25.0001
300 1.23 25
300 1.24 25
300 1.25 25
300 1.26 25
300 1.27 25
300 1.28 25
300 1.29 25
300 1.3 25
300 1.31 25
300 1.32 25
300 1.33 25
300 1.34 25
300 1.35 25
300 1.36 25
300 1.37 25
300 1.38 25
300 1.39 25
300 1.4 25
300 1.41 25
300 1.42 25
300 1.43 25
300 1.44 25
300 1.45 25
300 1.46 25
300 1.47 25
300 1.48 25
300 1.49 25
300 1.5 25
300 1.51 25
300 1.52 25
300 1.53 25
300 1.54 25
300 1.55 25
300 1.56 25
300 1.57 25
300 1.58 25
300 1.59 25
300 1.6 25
300 1.61 25
300 1.62 25
300 1.63 25
300 1.64 25
300 1.65 25
300 1.66 25
300 1.67 25
300 1.68 25
300 1.69 25
300 1.7 25
300 1.71 25
300 1.72 25
300 1.73 25
300 1.74 25
300 1.75 25
300 1.76 25
300 1.77 25
300 1.78 25
300 1.79 25
300 1.8 25
300 1.81 25
300 1.82 25
300 1.83 25
300 1.84 25
300 1.85 25
300 1.86 25
300 1.87 25
300 1.88 25
300 1.89 25
300 1.9 25
300 1.91 25
300 1.92 25
300 1.93 25
300 1.94 25
300 1.95 25
300 1.96 25
300 1.97 25
300 1.98 25
300 1.99 25
300 2 25

400 0 200
400 0.01 192.646
400 0.02 185.895
400 0.03 179.474
400 0.04 173.29
400 0.05 167.302
400 0.06 161.49
400 0.07 155.842
400 0.08 150.351
400 0.09 145.013
400 0.1 139.824
400 0.11 134.782
400 0.12 129.885
400 0.13 125.132
400 0.14 120.521
400 0.15 116.052
400 0.16 111.724
400 0.17 107.535
400 0.18 103.483
400 0.19 99.5691
400 0.2 95.7904
400 0.21 92.1458
400 0.22 88.6337
400 0.23 85.2525
400 0.24 82.0003
400 0.25 78.8754
400 0.26 75.8756
400 0.27 72.9988
400 0.28 70.2428
400 0.29 67.6051
400 0.3 65.0834
400 0.31 62.675
400 0.32 60.3773
400 0.33 58.1875
400 0.34 56.1029
400 0.35 54.1206
400 0.36 52.2375
400 0.37 50.4508
400 0.38 48.7573
400 0.39 47.1541
400 0.4 45.638
400 0.41 44.2059
400 0.42 42.8548
400 0.43 41.5815
400 0.44 40.3829
400 0.45 39.256
400 0.46 38.1978
400 0.47 37.2051
400 0.48 36.2751
400 0.49 35.4048
400 0.5 34.5913
400 0.51 33.8319
400 0.52 33.1239
400 0.53 32.4644
400 0.54 31.851
400 0.55 31.2811
400 0.56 30.7523
400 0.57 30.2622
400 0.58 29.8085
400 0.59 29.3891
400 0.6 29.0018
400 0.61 28.6445
400 0.62 28.3155
400 0.63 28.0128
400 0.64 27.7346
400 0.65 27.4793
400 0.66 27.2453
400 0.67 27.0311
400 0.68 26.8352
400 0.69 26.6563
400 0.7 26.4931
400 0.71 26.3445
400 0.72 26.2093
400 0.73 26.0865
400 0.74 25.9749
400 0.75 25.8739
400 0.76 25.7824
400 0.77 25.6997
400 0.78 25.6249
400 0.79 25.5576
400 0.8 25.4969
400 0.81 25.4423
400 0.82 25.3932
400 0.83 25.3492
400 0.84 25.3097
400 0.85 25.2744
400 0.86 25.2429
400 0.87 25.2147
400 0.88 25.1895
400 0.89 25.1671
400 0.9 25.1472
400 0.91 25.1295
400 0.92 25.1138
400 0.93 25.0999
400 0.94 25.0876
400 0.95 25.0767
400 0.96 25.0671
400 0.97 25.0586
400 0.98 25.0511
400 0.99 25.0445
400 1 25.0388
400 1.01 25.0337
400 1.02 25.0293
400 1.03 25.0254
400 1.04 25.022
400 1.05 25.019
400 1.06 25.0165
400 1.07 25.0142
400 1.08 25.0123
400 1.09 25.0106
400 1.1 25.0091
400 1.11 25.0078
400 1.12 25.0067
400 1.13 25.0057
400 1.14 25.0049
400 1.15 25.0042
400 1.16 25.0036
400 1.17 25.0031
400 1.18 25.0026
400 1.19 25.0022
400 1.2 25.0019
400 1.21 25.0016
400 1.22 25.0014
400 1.23 25.0012
400 1.24 25.001
400 1.25 25.0008
400 1.26 25.0007
400 1.27 25.0006
400 1.28 25.0005
400 1.29 25.0004
400 1.3 25.0003
400 1.31 25.0003
400 1.32 25.0002
400 1.33 25.0002
400 1.34 25.0002
400 1.35 25.0001
400 1.36 25.0001
400 1.37 25.0001
400 1.38 25.0001
400 1.39 25.0001
400 1.4 25.0001
400 1.41 25
400 1.42 25
400 1.43 25
400 1.44 25
400 1.45 25
400 1.46 25
400 1.47 25
400 1.48 25
400 1.49 25
400 1.5 25
400 1.51 25
400 1.52 25
400 1.53 25
400 1.54 25
400 1.55 25
400 1.56 25
400 1.57 25
400 1.58 25
400 1.59 25
400 1.6 25
400 1.61 25
400 1.62 25
400 1.63 25
400 1.64 25
400 1.65 25
400 1.66 25
400 1.67 25
400 1.68 25
400 1.69 25
400 1.7 25
400 1.71 25
400 1.72 25
400 1.73 25
400 1.74 25
400 1.75 25
400 1.76 25
400 1.77 25
400 1.78 25
400 1.79 25
400 1.8 25
400 1.81 25
400 1.82 25
400 1.83 25
400 1.84 25
400 1.85 25
400 1.86 25
400 1.87 25
400 1.88 25
400 1.89 25
400 1.9 25
400 1.91 25
400 1.92 25
400 1.93 25
400 1.94 25
400 1.95 25
400 1.96 25
400 1.97 25
400 1.98 25
400 1.99 25
400 2 25

500 0 200
500 0.01 193.013
500 0.02 186.627
500 0.03 180.569
500 0.04 174.743
500 0.05 169.109
500 0.06 163.644
500 0.07 158.336
500 0.08 153.177
500 0.09 148.16
500 0.1 143.281
500 0.11 138.538
500 0.12 133.927
500 0.13 129.446
500 0.14 125.094
500 0.15 120.868
500 0.16 116.767
500 0.17 112.789
500 0.18 108.933
500 0.19 105.197
500 0.2 101.579
500 0.21 98.078
500 0.22 94.6921
500 0.23 91.4197
500 0.24 88.2591
500 0.25 85.2085
500 0.26 82.2661
500 0.27 79.4302
500 0.28 76.6987
500 0.29 74.0699
500 0.3 71.5417
500 0.31 69.1121
500 0.32 66.7791
500 0.33 64.5405
500 0.34 62.3942
500 0.35 60.3382
500 0.36 58.3701
500 0.37 56.4877
500 0.38 54.6888
500 0.39 52.9712
500 0.4 51.3325
500 0.41 49.7704
500 0.42 48.2826
500 0.43 46.8669
500 0.44 45.5209
500 0.45 44.2423
500 0.46 43.0288
500 0.47 41.878
500 0.48 40.7879
500 0.49 39.756
500 0.5 38.7801
500 0.51 37.8581
500 0.52 36.9878
500 0.53 36.1669
500 0.54 35.3936
500 0.55 34.6656
500 0.56 33.9809
500 0.57 33.3376
500 0.58 32.7337
500 0.59 32.1674
500 0.6 31.6369
500 0.61 31.1402
500 0.62 30.6758
500 0.63 30.2419
500 0.64 29.8369
500 0.65 29.4593
500 0.66 29.1076
500 0.67 28.7802
500 0.68 28.4758
500 0.69 28.1931
500 0.7 27.9308
500 0.71 27.6876
500 0.72 27.4624
500 0.73 27.254
500 0.74 27.0614
500 0.75 26.8835
500 0.76 26.7194
500 0.77 26.5682
500 0.78 26.429
500 0.79 26.301
500 0.8 26.1833
500 0.81 26.0753
500 0.82 25.9763
500 0.83 25.8855
500 0.84 25.8025
500 0.85 25.7266
500 0.86 25.6572
500 0.87 25.5939
500 0.88 25.5362
500 0.89 25.4837
500 0.9 25.4359
500 0.91 25.3925
500 0.92 25.353
500 0.93 25.3173
500 0.94 25.2848
500 0.95 25.2555
500 0.96 25.229
500 0.97 25.205
500 0.98 25.1834
500 0.99 25.1639
500 1 25.1463
500 1.01 25.1305
500 1.02 25.1163
500 1.03 25.1035
500 1.04 25.0921
500 1.05 25.0818
500 1.06 25.0726
500 1.07 25.0644
500 1.08 25.0571
500 1.09 25.0505
500 1.1 25.0447
500 1.11 25.0395
500 1.12 25.0348
500 1.13 25.0307
500 1.14 25.0271
500 1.15 25.0238
500 1.16 25.021
500 1.17 25.0184
500 1.18 25.0162
500 1.19 25.0142
500 1.2 25.0124
500 1.21 25.0109
500 1.22 25.0095
500 1.23 25.0083
500 1.24 25.0072
500 1.25 25.0063
500 1.26 25.0055
500 1.27 25.0048
500 1.28 25.0042
500 1.29 25.0036
500 1.3 25.0031
500 1.31 25.0027
500 1.32 25.0024
500 1.33 25.002
500 1.34 25.0018
500 1.35 25.0015
500 1.36 25.0013
500 1.37 25.0011
500 1.38 25.001
500 1.39 25.0008
500 1.4 25.0007
500 1.41 25.0006
500 1.42 25.0005
500 1.43 25.0005
500 1.44 25.0004
500 1.45 25.0003
500 1.46 25.0003
500 1.47 25.0002
500 1.48 25.0002
500 1.49 25.0002
500 1.5 25.0002
500 1.51 25.0001
500 1.52 25.0001
500 1.53 25.0001
500 1.54 25.0001
500 1.55 25.0001
500 1.56 25.0001
500 1.57 25
500 1.58 25
500 1.59 25
500 1.6 25
500 1.61 25
500 1.62 25
500 1.63 25
500 1.64 25
500 1.65 25
500 1.66 25
500 1.67 25
500 1.68 25
500 1.69 25
500 1.7 25
500 1.71 25
500 1.72 25
500 1.73 25
500 1.74 25
500 1.75 25
500 1.76 25
500 1.77 25
500 1.78 25
500 1.79 25
500 1.8 25
500 1.81 25
500 1.82 25
500 1.83 25
500 1.84 25
500 1.85 25
500 1.86 25
500 1.87 25
500 1.88 25
500 1.89 25
500 1.9 25
500 1.91 25
500 1.92 25
500 1.93 25
500 1.94 25
500 1.95 25
500 1.96 25
500 1.97 25
500 1.98 25
500 1.99 25
500 2 25

600 0 200
600 0.01 193.262
600 0.02 187.125
600 0.03 181.314
600 0.04 175.734
600 0.05 170.342
600 0.06 165.116
600 0.07 160.042
600 0.08 155.112
600 0.09 150.32
600 0.1 145.659
600 0.11 141.127
600 0.12 136.72
600 0.13 132.436
600 0.14 128.272
600 0.15 124.226
600 0.16 120.295
600 0.17 116.479
600 0.18 112.774
600 0.19 109.179
600 0.2 105.693
600 0.21 102.312
600 0.22 99.037
600 0.23 95.8645
600 0.24 92.793
600 0.25 89.8208
600 0.26 86.9463
600 0.27 84.1675
600 0.28 81.4828
600 0.29 78.8904
600 0.3 76.3884
600 0.31 73.975
600 0.32 71.6486
600 0.33 69.4071
600 0.34 67.2488
600 0.35 65.172
600 0.36 63.1746
600 0.37 61.2549
600 0.38 59.4109
600 0.39 57.6409
600 0.4 55.943
600 0.41 54.3153
600 0.42 52.7558
600 0.43 51.2629
600 0.44 49.8345
600 0.45 48.4688
600 0.46 47.1639
600 0.47 45.9181
600 0.48 44.7295
600 0.49 43.5962
600 0.5 42.5164
600 0.51 41.4884
600 0.52 40.5103
600 0.53 39.5805
600 0.54 38.6971
600 0.55 37.8586
600 0.56 37.0631
600 0.57 36.309
600 0.58 35.5948
600 0.59 34.9188
600 0.6 34.2795
600 0.61 33.6753
600 0.62 33.1048
600 0.63 32.5664
600 0.64 32.0588
600 0.65 31.5806
600 0.66 31.1303
600 0.67 30.7068
600 0.68 30.3087
600 0.69 29.9349
600 0.7 29.584
600 0.71 29.255
600 0.72 28.9467
600 0.73 28.6581
600 0.74 28.388
600 0.75 28.1356
600 0.76 27.8999
600 0.77 27.6799
600 0.78 27.4748
600 0.79 27.2836
600 0.8 27.1057
600 0.81 26.9401
600 0.82 26.7862
600 0.83 26.6433
600 0.84 26.5107
600 0.85 26.3878
600 0.86 26.2739
600 0.87 26.1684
600 0.88 26.0709
600 0.89 25.9807
600 0.9 25.8975
600 0.91 25.8207
600 0.92 25.7499
600 0.93 25.6846
600 0.94 25.6246
600 0.95 25.5694
600 0.96 25.5187
600 0.97 25.4721
600 0.98 25.4294
600 0.99 25.3902
600 1 25.3544
600 1.01 25.3215
600 1.02 25.2915
600 1.03 25.2641
600 1.04 25.2391
600 1.05 25.2163
600 1.06 25.1955
600 1.07 25.1766
600 1.08 25.1593
600 1.09 25.1437
600 1.1 25.1295
600 1.11 25.1165
600 1.12 25.1048
600 1.13 25.0942
600 1.14 25.0846
600 1.15 25.076
600 1.16 25.0681
600 1.17 25.061
600 1.18 25.0547
600 1.19 25.0489
600 1.2 25.0437
600 1.21 25.039
600 1.22 25.0348
600 1.23 25.0311
600 1.24 25.0277
600 1.25 25.0247
600 1.26 25.0219
600 1.27 25.0195
600 1.28 25.0173
600 1.29 25.0154
600 1.3 25.0136
600 1.31 25.0121
600 1.32 25.0107
600 1.33 25.0095
600 1.34 25.0084
600 1.35 25.0074
600 1.36 25.0065
600 1.37 25.0058
600 1.38 25.0051
600 1.39 25.0045
600 1.4 25.0039
600 1.41 25.0035
600 1.42 25.003
600 1.43 25.0027
600 1.44 25.0023
600 1.45 25.002
600 1.46 25.0018
600 1.47 25.0016
600 1.48 25.0014
600 1.49 25.0012
600 1.5 25.001
600 1.51 25.0009
600 1.52 25.0008
600 1.53 25.0007
600 1.54 25.0006
600 1.55 25.0005
600 1.56 25.0005
600 1.57 25.0004
600 1.58 25.0003
600 1.59 25.0003
600 1.6 25.0003
600 1.61 25.0002
600 1.62 25.0002
600 1.63 25.0002
600 1.64 25.0001
600 1.65 25.0001
600 1.66 25.0001
600 1.67 25.0001
600 1.68 25.0001
600 1.69 25.0001
600 1.7 25.0001
600 1.71 25
600 1.72 25
600 1.73 25
600 1.74 25
600 1.75 25
600 1.76 25
600 1.77 25
600 1.78 25
600 1.79 25
600 1.8 25
600 1.81 25
600 1.82 25
600 1.83 25
600 1.84 25
600 1.85 25
600 1.86 25
600 1.87 25
600 1.88 25
600 1.89 25
600 1.9 25
600 1.91 25
600 1.92 25
600 1.93 25
600 1.94 25
600 1.95 25
600 1.96 25
600 1.97 25
600 1.98 25
600 1.99 25
600 2 25

700 0 200
700 0.01 193.441
700 0.02 187.481
700 0.03 181.848
700 0.04 176.444
700 0.05 171.226
700 0.06 166.172
700 0.07 161.268
700 0.08 156.505
700 0.09 151.876
700 0.1 147.375
700 0.11 142.998
700 0.12 138.742
700 0.13 134.604
700 0.14 130.581
700 0.15 126.671
700 0.16 122.871
700 0.17 119.179
700 0.18 115.592
700 0.19 112.109
700 0.2 108.728
700 0.21 105.447
700 0.22 102.264
700 0.23 99.1768
700 0.24 96.1837
700 0.25 93.2829
700 0.26 90.4728
700 0.27 87.7513
700 0.28 85.1169
700 0.29 82.5678
700 0.3 80.1022
700 0.31 77.7184
700 0.32 75.4147
700 0.33 73.1894
700 0.34 71.0407
700 0.35 68.9671
700 0.36 66.9668
700 0.37 65.0382
700 0.38 63.1796
700 0.39 61.3893
700 0.4 59.6658
700 0.41 58.0073
700 0.42 56.4122
700 0.43 54.8789
700 0.44 53.4058
700 0.45 51.9913
700 0.46 50.6338
700 0.47 49.3317
700 0.48 48.0834
700 0.49 46.8875
700 0.5 45.7423
700 0.51 44.6463
700 0.52 43.598
700 0.53 42.596
700 0.54 41.6387
700 0.55 40.7247
700 0.56 39.8526
700 0.57 39.0209
700 0.58 38.2283
700 0.59 37.4733
700 0.6 36.7546
700 0.61 36.071
700 0.62 35.4211
700 0.63 34.8036
700 0.64 34.2172
700 0.65 33.6609
700 0.66 33.1332
700 0.67 32.6332
700 0.68 32.1597
700 0.69 31.7115
700 0.7 31.2875
700 0.71 30.8868
700 0.72 30.5083
700 0.73 30.1509
700 0.74 29.8138
700 0.75 29.496
700 0.76 29.1966
700 0.77 28.9147
700 0.78 28.6495
700 0.79 28.4001
700 0.8 28.1658
700 0.81 27.9458
700 0.82 27.7394
700 0.83 27.5458
700 0.84 27.3644
700 0.85 27.1945
700 0.86 27.0356
700 0.87 26.8869
700 0.88 26.748
700 0.89 26.6183
700 0.9 26.4972
700 0.91 26.3844
700 0.92 26.2792
700 0.93 26.1812
700 0.94 26.09
700 0.95 26.0052
700 0.96 25.9264
700 0.97 25.8532
700 0.98 25.7853
700 0.99 25.7224
700 1 25.664
700 1.01 25.6099
700 1.02 25.5599
700 1.03 25.5137
700 1.04 25.4709
700 1.05 25.4315
700 1.06 25.395
700 1.07 25.3614
700 1.08 25.3305
700 1.09 25.302
700 1.1 25.2758
700 1.11 25.2516
700 1.12 25.2295
700 1.13 25.2091
700 1.14 25.1905
700 1.15 25.1733
700 1.16 25.1576
700 1.17 25.1433
700 1.18 25.1301
700 1.19 25.1181
700 1.2 25.1071
700 1.21 25.0971
700 1.22 25.088
700 1.23 25.0796
700 1.24 25.072
700 1.25 25.0651
700 1.26 25.0588
700 1.27 25.0531
700 1.28 25.0479
700 1.29 25.0432
700 1.3 25.0389
700 1.31 25.035
700 1.32 25.0315
700 1.33 25.0283
700 1.34 25.0255
700 1.35 25.0229
700 1.36 25.0205
700 1.37 25.0184
700 1.38 25.0165
700 1.39 25.0148
700 1.4 25.0132
700 1.41 25.0118
700 1.42 25.0105
700 1.43 25.0094
700 1.44 25.0084
700 1.45 25.0075
700 1.46 25.0067
700 1.47 25.0059
700 1.48 25.0053
700 1.49 25.0047
700 1.5 25.0042
700 1.51 25.0037
700 1.52 25.0033
700 1.53 25.0029
700 1.54 25.0026
700 1.55 25.0023
700 1.56 25.002
700 1.57 25.0018
700 1.58 25.0016
700 1.59 25.0014
700 1.6 25.0012
700 1.61 25.0011
700 1.62 25.001
700 1.63 25.0008
700 1.64 25.0007
700 1.65 25.0007
700 1.66 25.0006
700 1.67 25.0005
700 1.68 25.0004
700 1.69 25.0004
700 1.7 25.0003
700 1.71 25.0003
700 1.72 25.0003
700 1.73 25.0002
700 1.74 25.0002
700 1.75 25.0002
700 1.76 25.0002
700 1.77 25.0001
700 1.78 25.0001
700 1.79 25.0001
700 1.8 25.0001
700 1.81 25.0001
700 1.82 25.0001
700 1.83 25.0001
700 1.84 25.0001
700 1.85 25
700 1.86 25
700 1.87 25
700 1.88 25
700 1.89 25
700 1.9 25
700 1.91 25
700 1.92 25
700 1.93 25
700 1.94 25
700 1.95 25
700 1.96 25
700 1.97 25
700 1.98 25
700 1.99 25
700 2 25

800 0 200
800 0.01 193.573
800 0.02 187.746
800 0.03 182.245
800 0.04 176.972
800 0.05 171.884
800 0.06 166.959
800 0.07 162.182
800 0.08 157.543
800 0.09 153.036
800 0.1 148.656
800 0.11 144.397
800 0.12 140.256
800 0.13 136.23
800 0.14 132.315
800 0.15 128.51
800 0.16 124.811
800 0.17 121.216
800 0.18 117.723
800 0.19 114.33
800 0.2 111.034
800 0.21 107.833
800 0.22 104.726
800 0.23 101.71
800 0.24 98.7832
800 0.25 95.9443
800 0.26 93.1912
800 0.27 90.522
800 0.28 87.935
800 0.29 85.4283
800 0.3 83.0004
800 0.31 80.6494
800 0.32 78.3737
800 0.33 76.1717
800 0.34 74.0416
800 0.35 71.982
800 0.36 69.9911
800 0.37 68.0675
800 0.38 66.2095
800 0.39 64.4156
800 0.4 62.6843
800 0.41 61.0141
800 0.42 59.4035
800 0.43 57.851
800 0.44 56.3552
800 0.45 54.9145
800 0.46 53.5276
800 0.47 52.193
800 0.48 50.9094
800 0.49 49.6754
800 0.5 48.4895
800 0.51 47.3505
800 0.52 46.257
800 0.53 45.2076
800 0.54 44.2012
800 0.55 43.2363
800 0.56 42.3118
800 0.57 41.4263
800 0.58 40.5787
800 0.59 39.7678
800 0.6 38.9923
800 0.61 38.251
800 0.62 37.5429
800 0.63 36.8668
800 0.64 36.2216
800 0.65 35.6062
800 0.66 35.0196
800 0.67 34.4606
800 0.68 33.9283
800 0.69 33.4217
800 0.7 32.9397
800 0.71 32.4815
800 0.72 32.0462
800 0.73 31.6327
800 0.74 31.2402
800 0.75 30.868
800 0.76 30.515
800 0.77 30.1805
800 0.78 29.8638
800 0.79 29.564
800 0.8 29.2804
800 0.81 29.0123
800 0.82 28.7589
800 0.83 28.5197
800 0.84 28.2939
800 0.85 28.0809
800 0.86 27.8802
800 0.87 27.691
800 0.88 27.5129
800 0.89 27.3453
800 0.9 27.1877
800 0.91 27.0396
800 0.92 26.9004
800 0.93 26.7698
800 0.94 26.6472
800 0.95 26.5322
800 0.96 26.4245
800 0.97 26.3236
800 0.98 26.2292
800 0.99 26.1408
800 1 26.0583
800 1.01 25.9811
800 1.02 25.9091
800 1.03 25.8418
800 1.04 25.7791
800 1.05 25.7207
800 1.06 25.6662
800 1.07 25.6155
800 1.08 25.5684
800 1.09 25.5246
800 1.1 25.4838
800 1.11 25.446
800 1.12 25.4109
800 1.13 25.3783
800 1.14 25.3481
800 1.15 25.3202
800 1.16 25.2943
800 1.17 25.2703
800 1.18 25.2482
800 1.19 25.2277
800 1.2 25.2088
800 1.21 25.1914
800 1.22 25.1753
800 1.23 25.1605
800 1.24 25.1468
800 1.25 25.1342
800 1.26 25.1227
800 1.27 25.112
800 1.28 25.1022
800 1.29 25.0933
800 1.3 25.085
800 1.31 25.0775
800 1.32 25.0705
800 1.33 25.0642
800 1.34 25.0584
800 1.35 25.0531
800 1.36 25.0482
800 1.37 25.0438
800 1.38 25.0397
800 1.39 25.036
800 1.4 25.0326
800 1.41 25.0296
800 1.42 25.0268
800 1.43 25.0242
800 1.44 25.0219
800 1.45 25.0198
800 1.46 25.0179
800 1.47 25.0161
800 1.48 25.0145
800 1.49 25.0131
800 1.5 25.0118
800 1.51 25.0106
800 1.52 25.0096
800 1.53 25.0086
800 1.54 25.0077
800 1.55 25.0069
800 1.56 25.0062
800 1.57 25.0056
800 1.58 25.005
800 1.59 25.0045
800 1.6 25.004
800 1.61 25.0036
800 1.62 25.0032
800 1.63 25.0029
800 1.64 25.0026
800 1.65 25.0023
800 1.66 25.002
800 1.67 25.0018
800 1.68 25.0016
800 1.69 25.0014
800 1.7 25.0013
800 1.71 25.0011
800 1.72 25.001
800 1.73 25.0009
800 1.74 25.0008
800 1.75 25.0007
800 1.76 25.0006
800 1.77 25.0006
800 1.78 25.0005
800 1.79 25.0004
800 1.8 25.0004
800 1.81 25.0003
800 1.82 25.0003
800 1.83 25.0003
800 1.84 25.0002
800 1.85 25.0002
800 1.86 25.0002
800 1.87 25.0002
800 1.88 25.0001
800 1.89 25.0001
800 1.9 25.0001
800 1.91 25.0001
800 1.92 25.0001
800 1.93 25.0001
800 1.94 25.0001
800 1.95 25.0001
800 1.96 25.0001
800 1.97 25.0001
800 1.98 25.0001
800 1.99 25.0001
800 2 25.0001

900 0 200
900 0.01 193.675
900 0.02 187.949
900 0.03 182.548
900 0.04 177.375
900 0.05 172.386
900 0.06 167.56
900 0.07 162.88
900 0.08 158.338
900 0.09 153.926
900 0.1 149.638
900 0.11 145.47
900 0.12 141.419
900 0.13 137.48
900 0.14 133.65
900 0.15 129.927
900 0.16 126.308
900 0.17 122.79
900 0.18 119.372
900 0.19 116.05
900 0.2 112.823
900 0.21 109.688
900 0.22 106.643
900 0.23 103.686
900 0.24 100.816
900 0.25 98.0295
900 0.26 95.3257
900 0.27 92.7023
900 0.28 90.1577
900 0.29 87.6899
900 0.3 85.2974
900 0.31 82.9784
900 0.32 80.7311
900 0.33 78.5541
900 0.34 76.4456
900 0.35 74.4041
900 0.36 72.428
900 0.37 70.5158
900 0.38 68.666
900 0.39 66.8772
900 0.4 65.1477
900 0.41 63.4763
900 0.42 61.8615
900 0.43 60.3018
900 0.44 58.796
900 0.45 57.3427
900 0.46 55.9405
900 0.47 54.5881
900 0.48 53.2843
900 0.49 52.0277
900 0.5 50.8171
900 0.51 49.6512
900 0.52 48.5289
900 0.53 47.4489
900 0.54 46.4101
900 0.55 45.4112
900 0.56 44.4511
900 0.57 43.5287
900 0.58 42.6429
900 0.59 41.7926
900 0.6 40.9767
900 0.61 40.1941
900 0.62 39.4438
900 0.63 38.7249
900 0.64 38.0362
900 0.65 37.3767
900 0.66 36.7457
900 0.67 36.142
900 0.68 35.5647
900 0.69 35.013
900 0.7 34.486
900 0.71 33.9827
900 0.72 33.5024
900 0.73 33.0442
900 0.74 32.6073
900 0.75 32.1909
900 0.76 31.7942
900 0.77 31.4165
900 0.78 31.0571
900 0.79 30.7151
900 0.8 30.39
900 0.81 30.0811
900 0.82 29.7876
900 0.83 29.509
900 0.84 29.2446
900 0.85 28.9939
900 0.86 28.7562
900 0.87 28.531
900 0.88 28.3177
900 0.89 28.1158
900 0.9 27.9249
900 0.91 27.7443
900 0.92 27.5736
900 0.93 27.4124
900 0.94 27.2602
900 0.95 27.1165
900 0.96 26.9811
900 0.97 26.8534
900 0.98 26.7331
900 0.99 26.6198
900 1 26.5131
900 1.01 26.4128
900 1.02 26.3185
900 1.03 26.2299
900 1.04 26.1467
900 1.05 26.0685
900 1.06 25.9952
900 1.07 25.9265
900 1.08 25.8621
900 1.09 25.8017
900 1.1 25.7453
900 1.11 25.6924
900 1.12 25.643
900 1.13 25.5968
900 1.14 25.5536
900 1.15 25.5133
900 1.16 25.4757
900 1.17 25.4406
900 1.18 25.4079
900 1.19 25.3774
900 1.2 25.3491
900 1.21 25.3226
900 1.22 25.2981
900 1.23 25.2753
900 1.24 25.254
900 1.25 25.2344
900 1.26 25.2161
900 1.27 25.1991
900 1.28 25.1834
900 1.29 25.1688
900 1.3 25.1553
900 1.31 25.1428
900 1.32 25.1313
900 1.33 25.1206
900 1.34 25.1107
900 1.35 25.1016
900 1.36 25.0932
900 1.37 25.0854
900 1.38 25.0783
900 1.39 25.0717
900 1.4 25.0656
900 1.41 25.06
900 1.42 25.0549
900 1.43 25.0502
900 1.44 25.0458
900 1.45 25.0418
900 1.46 25.0382
900 1.47 25.0348
900 1.48 25.0317
900 1.49 25.0289
900 1.5 25.0263
900 1.51 25.0239
900 1.52 25.0218
900 1.53 25.0198
900 1.54 25.018
900 1.55 25.0163
900 1.56 25.0148
900 1.57 25.0134
900 1.58 25.0122
900 1.59 25.011
900 1.6 25.01
900 1.61 25.0091
900 1.62 25.0082
900 1.63 25.0074
900 1.64 25.0067
900 1.65 25.006
900 1.66 25.0055
900 1.67 25.0049
900 1.68 25.0044
900 1.69 25.004
900 1.7 25.0036
900 1.71 25.0032
900 1.72 25.0029
900 1.73 25.0026
900 1.74 25.0024
900 1.75 25.0021
900 1.76 25.0019
900 1.77 25.0017
900 1.78 25.0015
900 1.79 25.0014
900 1.8 25.0012
900 1.81 25.0011
900 1.82 25.001
900 1.83 25.0009
900 1.84 25.0008
900 1.85 25.0007
900 1.86 25.0006
900 1.87 25.0006
900 1.88 25.0005
900 1.89 25.0005
900 1.9 25.0004
900 1.91 25.0004
900 1.92 25.0004
900 1.93 25.0003
900 1.94 25.0003
900 1.95 25.0003
900 1.96 25.0003
900 1.97 25.0003
900 1.98 25.0002
900 1.99 25.0002
900 2 25.0002

