0 0 200
0 0.01 100.568
0 0.02 57.9361
0 0.03 39.4282
0 0.04 31.3395
0 0.05 27.7908
0 0.06 26.2302
0 0.07 25.5428
0 0.08 25.2397
0 0.09 25.1059
0 0.1 25.0468
0 0.11 25.0207
0 0.12 25.0092
0 0.13 25.0041
0 0.14 25.0018
0 0.15 25.0008
0 0.16 25.0004
0 0.17 25.0002
0 0.18 25.0001
0 0.19 25
0 0.2 25
0 0.21 25
0 0.22 25
0 0.23 25
0 0.24 25
0 0.25 25
0 0.26 25
0 0.27 25
0 0.28 25
0 0.29 25
0 0.3 25
0 0.31 25
0 0.32 25
0 0.33 25
0 0.34 25
0 0.35 25
0 0.36 25
0 0.37 25
0 0.38 25
0 0.39 25
0 0.4 25
0 0.41 25
0 0.42 25
0 0.43 25
0 0.44 25
0 0.45 25
0 0.46 25
0 0.47 25
0 0.48 25
0 0.49 25
0 0.5 25
0 0.51 25
0 0.52 25
0 0.53 25
0 0.54 25
0 0.55 25
0 0.56 25
0 0.57 25
0 0.58 25
0 0.59 25
0 0.6 25
0 0.61 25
0 0.62 25
0 0.63 25
0 0.64 25
0 0.65 25
0 0.66 25
0 0.67 25
0 0.68 25
0 0.69 25
0 0.7 25
0 0.71 25
0 0.72 25
0 0.73 25
0 0.74 25
0 0.75 25
0 0.76 25
0 0.77 25
0 0.78 25
0 0.79 25
0 0.8 25
0 0.81 25
0 0.82 25
0 0.83 25
0 0.84 25
0 0.85 25
0 0.86 25
0 0.87 25
0 0.88 25
0 0.89 25
0 0.9 25
0 0.91 25
0 0.92 25
0 0.93 25
0 0.94 25
0 0.95 25
0 0.96 25
0 0.97 25
0 0.98 25
0 0.99 25
0 1 25
0 1.01 25
0 1.02 25
0 1.03 25
0 1.04 25
0 1.05 25
0 1.06 25
0 1.07 25
0 1.08 25
0 1.09 25
0 1.1 25
0 1.11 25
0 1.12 25
0 1.13 25
0 1.14 25
0 1.15 25
0 1.16 25
0 1.17 25
0 1.18 25
0 1.19 25
0 1.2 25
0 1.21 25
0 1.22 25
0 1.23 25
0 1.24 25
0 1.25 25
0 1.26 25
0 1.27 25
0 1.28 25
0 1.29 25
0 1.3 25
0 1.31 25
0 1.32 25
0 1.33 25
0 1.34 25
0 1.35 25
0 1.36 25
0 1.37 25
0 1.38 25
0 1.39 25
0 1.4 25
0 1.41 25
0 1.42 25
0 1.43 25
0 1.44 25
0 1.45 25
0 1.46 25
0 1.47 25
0 1.48 25
0 1.49 25
0 1.5 25
0 1.51 25
0 1.52 25
0 1.53 25
0 1.54 25
0 1.55 25
0 1.56 25
0 1.57 25
0 1.58 25
0 1.59 25
0 1.6 25
0 1.61 25
0 1.62 25
0 1.63 25
0 1.64 25
0 1.65 25
0 1.66 25
0 1.67 25
0 1.68 25
0 1.69 25
0 1.7 25
0 1.71 25
0 1.72 25
0 1.73 25
0 1.74 25
0 1.75 25
0 1.76 25
0 1.77 25
0 1.78 25
0 1.79 25
0 1.8 25
0 1.81 25
0 1.82 25
0 1.83 25
0 1.84 25
0 1.85 25
0 1.86 25
0 1.87 25
0 1.88 25
0 1.89 25
0 1.9 25
0 1.91 25
0 1.92 25
0 1.93 25
0 1.94 25
0 1.95 25
0 1.96 25
0 1.97 25
0 1.98 25
0 1.99 25
0 2 25

100 0 200
100 0.01 192.131
100 0.02 184.32
100 0.03 176.575
100 0.04 168.913
100 0.05 161.355
100 0.06 153.922
100 0.07 146.631
100 0.08 139.504
100 0.09 132.555
100 0.1 125.803
100 0.11 119.262
100 0.12 112.943
100 0.13 106.858
100 0.14 101.017
100 0.15 95.4273
100 0.16 90.0935
100 0.17 85.02
100 0.18 80.2087
100 0.19 75.6601
100 0.2 71.3728
100 0.21 67.3443
100 0.22 63.5704
100 0.23 60.0457
100 0.24 56.7638
100 0.25 53.7172
100 0.26 50.8976
100 0.27 48.296
100 0.28 45.9028
100 0.29 43.7078
100 0.3 41.7007
100 0.31 39.871
100 0.32 38.2078
100 0.33 36.7007
100 0.34 35.3389
100 0.35 34.1122
100 0.36 33.0104
100 0.37 32.0236
100 0.38 31.1426
100 0.39 30.3582
100 0.4 29.662
100 0.41 29.0458
100 0.42 28.5019
100 0.43 28.0234
100 0.44 27.6035
100 0.45 27.2362
100 0.46 26.9157
100 0.47 26.637
100 0.48 26.3952
100 0.49 26.1861
100 0.5 26.0058
100 0.51 25.8506
100 0.52 25.7176
100 0.53 25.6039
100 0.54 25.5068
100 0.55 25.4243
100 0.56 25.3543
100 0.57 25.2952
100 0.58 25.2452
100 0.59 25.2033
100 0.6 25.168
100 0.61 25.1386
100 0.62 25.114
100 0.63 25.0935
100 0.64 25.0766
100 0.65 25.0625
100 0.66 25.0509
100 0.67 25.0414
100 0.68 25.0335
100 0.69 25.0271
100 0.7 25.0219
100 0.71 25.0176
100 0.72 25.0141
100 0.73 25.0113
100 0.74 25.009
100 0.75 25.0072
100 0.76 25.0057
100 0.77 25.0045
100 0.78 25.0036
100 0.79 25.0028
100 0.8 25.0022
100 0.81 25.0018
100 0.82 25.0014
100 0.83 25.0011
100 0.84 25.0008
100 0.85 25.0007
100 0.86 25.0005
100 0.87 25.0004
100 0.88 25.0003
100 0.89 25.0002
100 0.9 25.0002
100 0.91 25.0001
100 0.92 25.0001
100 0.93 25.0001
100 0.94 25.0001
100 0.95 25
100 0.96 25
100 0.97 25
100 0.98 25
100 0.99 25
100 1 25
100 1.01 25
100 1.02 25
100 1.03 25
100 1.04 25
100 1.05 25
100 1.06 25
100 1.07 25
100 1.08 25
100 1.09 25
100 1.1 25
100 1.11 25
100 1.12 25
100 1.13 25
100 1.14 25
100 1.15 25
100 1.16 25
100 1.17 25
100 1.18 25
100 1.19 25
100 1.2 25
100 1.21 25
100 1.22 25
100 1.23 25
100 1.24 25
100 1.25 25
100 1.26 25
100 1.27 25
100 1.28 25
100 1.29 25
100 1.3 25
100 1.31 25
100 1.32 25
100 1.33 25
100 1.34 25
100 1.35 25
100 1.36 25
100 1.37 25
100 1.38 25
100 1.39 25
100 1.4 25
100 1.41 25
100 1.42 25
100 1.43 25
100 1.44 25
100 1.45 25
100 1.46 25
100 1.47 25
100 1.48 25
100 1.49 25
100 1.5 25
100 1.51 25
100 1.52 25
100 1.53 25
100 1.54 25
100 1.55 25
100 1.56 25
100 1.57 25
100 1.58 25
100 1.59 25
100 1.6 25
100 1.61 25
100 1.62 25
100 1.63 25
100 1.64 25
100 1.65 25
100 1.66 25
100 1.67 25
100 1.68 25
100 1.69 25
100 1.7 25
100 1.71 25
100 1.72 25
100 1.73 25
100 1.74 25
100 1.75 25
100 1.76 25
100 1.77 25
100 1.78 25
100 1.79 25
100 1.8 25
100 1.81 25
100 1.82 25
100 1.83 25
100 1.84 25
100 1.85 25
100 1.86 25
100 1.87 25
100 1.88 25
100 1.89 25
100 1.9 25
100 1.91 25
100 1.92 25
100 1.93 25
100 1.94 25
100 1.95 25
100 1.96 25
100 1.97 25
100 1.98 25
100 1.99 25
100 2 25

200 0 200
200 0.01 194.371
200 0.02 188.785
200 0.03 183.235
200 0.04 177.723
200 0.05 172.255
200 0.06 166.838
200 0.07 161.478
200 0.08 156.182
200 0.09 150.958
200 0.1 145.811
200 0.11 140.748
200 0.12 135.776
200 0.13 130.899
200 0.14 126.124
200 0.15 121.455
200 0.16 116.896
200 0.17 112.453
200 0.18 108.128
200 0.19 103.924
200 0.2 99.8453
200 0.21 95.8933
200 0.22 92.0701
200 0.23 88.377
200 0.24 84.815
200 0.25 81.3848
200 0.26 78.0865
200 0.27 74.9199
200 0.28 71.8844
200 0.29 68.9789
200 0.3 66.2021
200 0.31 63.5524
200 0.32 61.0278
200 0.33 58.6262
200 0.34 56.3449
200 0.35 54.1812
200 0.36 52.1322
200 0.37 50.1949
200 0.38 48.3658
200 0.39 46.6416
200 0.4 45.0187
200 0.41 43.4936
200 0.42 42.0624
200 0.43 40.7215
200 0.44 39.467
200 0.45 38.2952
200 0.46 37.2023
200 0.47 36.1844
200 0.48 35.238
200 0.49 34.3593
200 0.5 33.5446
200 0.51 32.7906
200 0.52 32.0936
200 0.53 31.4504
200 0.54 30.8577
200 0.55 30.3124
200 0.56 29.8114
200 0.57 29.3519
200 0.58 28.9309
200 0.59 28.5459
200 0.6 28.1944
200 0.61 27.8738
200 0.62 27.5819
200 0.63 27.3165
200 0.64 27.0757
200 0.65 26.8573
200 0.66 26.6597
200 0.67 26.4811
200 0.68 26.32
200 0.69 26.1748
200 0.7 26.0441
200 0.71 25.9268
200 0.72 25.8215
200 0.73 25.7272
200 0.74 25.6428
200 0.75 25.5675
200 0.76 25.5003
200 0.77 25.4405
200 0.78 25.3873
200 0.79 25.3401
200 0.8 25.2982
200 0.81 25.2611
200 0.82 25.2284
200 0.83 25.1994
200 0.84 25.1739
200 0.85 25.1515
200 0.86 25.1318
200 0.87 25.1145
200 0.88 25.0993
200 0.89 25.086
200 0.9 25.0744
200 0.91 25.0643
200 0.92 25.0555
200 0.93 25.0478
200 0.94 25.0411
200 0.95 25.0354
200 0.96 25.0303
200 0.97 25.026
200 0.98 25.0223
200 0.99 25.019
200 1 25.0162
200 1.01 25.0138
200 1.02 25.0118
200 1.03 25.01
200 1.04 25.0085
200 1.05 25.0072
200 1.06 25.0061
200 1.07 25.0052
200 1.08 25.0044
200 1.09 25.0037
200 1.1 25.0031
200 1.11 25.0026
200 1.12 25.0022
200 1.13 25.0018
200 1.14 25.0015
200 1.15 25.0013
200 1.16 25.0011
200 1.17 25.0009
200 1.18 25.0008
200 1.19 25.0006
200 1.2 25.0005
200 1.21 25.0004
200 1.22 25.0004
200 1.23 25.0003
200 1.24 25.0002
200 1.25 25.0002
200 1.26 25.0002
200 1.27 25.0001
200 1.28 25.0001
200 1.29 25.0001
200 1.3 25.0001
200 1.31 25.0001
200 1.32 25.0001
200 1.33 25
200 1.34 25
200 1.35 25
200 1.36 25
200 1.37 25
200 1.38 25
200 1.39 25
200 1.4 25
200 1.41 25
200 1.42 25
200 1.43 25
200 1.44 25
200 1.45 25
200 1.46 25
200 1.47 25
200 1.48 25
200 1.49 25
200 1.5 25
200 1.51 25
200 1.52 25
200 1.53 25
200 1.54 25
200 1.55 25
200 1.56 25
200 1.57 25
200 1.58 25
200 1.59 25
200 1.6 25
200 1.61 25
200 1.62 25
200 1.63 25
200 1.64 25
200 1.65 25
200 1.66 25
200 1.67 25
200 1.68 25
200 1.69 25
200 1.7 25
200 1.71 25
200 1.72 25
200 1.73 25
200 1.74 25
200 1.75 25
200 1.76 25
200 1.77 25
200 1.78 25
200 1.79 25
200 1.8 25
200 1.81 25
200 1.82 25
200 1.83 25
200 1.84 25
200 1.85 25
200 1.86 25
200 1.87 25
200 1.88 25
200 1.89 25
200 1.9 25
200 1.91 25
200 1.92 25
200 1.93 25
200 1.94 25
200 1.95 25
200 1.96 25
200 1.97 25
200 1.98 25
200 1.99 25
200 2 25

300 0 200
300 0.01 195.357
300 0.02 190.753
300 0.03 186.178
300 0.04 181.63
300 0.05 177.111
300 0.06 172.623
300 0.07 168.171
300 0.08 163.758
300 0.09 159.388
300 0.1 155.064
300 0.11 150.79
300 0.12 146.57
300 0.13 142.406
300 0.14 138.303
300 0.15 134.262
300 0.16 130.288
300 0.17 126.383
300 0.18 122.549
300 0.19 118.789
300 0.2 115.106
300 0.21 111.501
300 0.22 107.976
300 0.23 104.533
300 0.24 101.173
300 0.25 97.8976
300 0.26 94.7082
300 0.27 91.6053
300 0.28 88.5896
300 0.29 85.6618
300 0.3 82.8221
300 0.31 80.0706
300 0.32 77.4072
300 0.33 74.8319
300 0.34 72.3441
300 0.35 69.9434
300 0.36 67.629
300 0.37 65.4002
300 0.38 63.2558
300 0.39 61.1949
300 0.4 59.2161
300 0.41 57.3182
300 0.42 55.4996
300 0.43 53.7589
300 0.44 52.0944
300 0.45 50.5043
300 0.46 48.9869
300 0.47 47.5404
300 0.48 46.1628
300 0.49 44.8521
300 0.5 43.6064
300 0.51 42.4237
300 0.52 41.302
300 0.53 40.2391
300 0.54 39.2329
300 0.55 38.2816
300 0.56 37.3828
300 0.57 36.5347
300 0.58 35.7352
300 0.59 34.9822
300 0.6 34.2738
300 0.61 33.608
300 0.62 32.9829
300 0.63 32.3965
300 0.64 31.8471
300 0.65 31.3328
300 0.66 30.8519
300 0.67 30.4027
300 0.68 29.9834
300 0.69 29.5925
300 0.7 29.2285
300 0.71 28.8898
300 0.72 28.575
300 0.73 28.2827
300 0.74 28.0116
300 0.75 27.7603
300 0.76 27.5277
300 0.77 27.3126
300 0.78 27.1139
300 0.79 26.9305
300 0.8 26.7614
300 0.81 26.6057
300 0.82 26.4623
300 0.83 26.3306
300 0.84 26.2096
300 0.85 26.0986
300 0.86 25.9969
300 0.87 25.9038
300 0.88 25.8186
300 0.89 25.7408
300 0.9 25.6697
300 0.91 25.6049
300 0.92 25.5459
300 0.93 25.4922
300 0.94 25.4433
300 0.95 25.399
300 0.96 25.3587
300 0.97 25.3222
300 0.98 25.2892
300 0.99 25.2593
300 1 25.2323
300 1.01 25.2079
300 1.02 25.1859
300 1.03 25.1661
300 1.04 25.1482
300 1.05 25.1322
300 1.06 25.1177
300 1.07 25.1048
300 1.08 25.0932
300 1.09 25.0828
300 1.1 25.0735
300 1.11 25.0652
300 1.12 25.0577
300 1.13 25.0511
300 1.14 25.0452
300 1.15 25.0399
300 1.16 25.0353
300 1.17 25.0311
300 1.18 25.0274
300 1.19 25.0241
300 1.2 25.0212
300 1.21 25.0186
300 1.22 25.0164
300 1.23 25.0143
300 1.24 25.0126
300 1.25 25.011
300 1.26 25.0096
300 1.27 25.0084
300 1.28 25.0073
300 1.29 25.0064
300 1.3 25.0056
300 1.31 25.0049
300 1.32 25.0042
300 1.33 25.0037
300 1.34 25.0032
300 1.35 25.0028
300 1.36 25.0024
300 1.37 25.0021
300 1.38 25.0018
300 1.39 25.0016
300 1.4 25.0013
300 1.41 25.0012
300 1.42 25.001
300 1.43 25.0009
300 1.44 25.0007
300 1.45 25.0006
300 1.46 25.0005
300 1.47 25.0005
300 1.48 25.0004
300 1.49 25.0003
300 1.5 25.0003
300 1.51 25.0003
300 1.52 25.0002
300 1.53 25.0002
300 1.54 25.0002
300 1.55 25.0001
300 1.56 25.0001
300 1.57 25.0001
300 1.58 25.0001
300 1.59 25.0001
300 1.6 25.0001
300 1.61 25.0001
300 1.62 25
300 1.63 25
300 1.64 25
300 1.65 25
300 1.66 25
300 1.67 25
300 1.68 25
300 1.69 25
300 1.7 25
300 1.71 25
300 1.72 25
300 1.73 25
300 1.74 25
300 1.75 25
300 1.76 25
300 1.77 25
300 1.78 25
300 1.79 25
300 1.8 25
300 1.81 25
300 1.82 25
300 1.83 25
300 1.84 25
300 1.85 25
300 1.86 25
300 1.87 25
300 1.88 25
300 1.89 25
300 1.9 25
300 1.91 25
300 1.92 25
300 1.93 25
300 1.94 25
300 1.95 25
300 1.96 25
300 1.97 25
300 1.98 25
300 1.99 25
300 2 25

400 0 200
400 0.01 195.94
400 0.02 191.918
400 0.03 187.922
400 0.04 183.948
400 0.05 179.996
400 0.06 176.069
400 0.07 172.168
400 0.08 168.295
400 0.09 164.453
400 0.1 160.644
400 0.11 156.87
400 0.12 153.133
400 0.13 149.437
400 0.14 145.782
400 0.15 142.172
400 0.16 138.607
400 0.17 135.091
400 0.18 131.625
400 0.19 128.211
400 0.2 124.85
400 0.21 121.544
400 0.22 118.295
400 0.23 115.104
400 0.24 111.973
400 0.25 108.901
400 0.26 105.892
400 0.27 102.945
400 0.28 100.061
400 0.29 97.2412
400 0.3 94.4863
400 0.31 91.7968
400 0.32 89.173
400 0.33 86.6152
400 0.34 84.1237
400 0.35 81.6986
400 0.36 79.3398
400 0.37 77.0474
400 0.38 74.8211
400 0.39 72.6606
400 0.4 70.5656
400 0.41 68.5356
400 0.42 66.5702
400 0.43 64.6686
400 0.44 62.8303
400 0.45 61.0544
400 0.46 59.3402
400 0.47 57.6867
400 0.48 56.0931
400 0.49 54.5583
400 0.5 53.0812
400 0.51 51.6608
400 0.52 50.296
400 0.53 48.9856
400 0.54 47.7283
400 0.55 46.523
400 0.56 45.3683
400 0.57 44.2629
400 0.58 43.2057
400 0.59 42.1952
400 0.6 41.2301
400 0.61 40.3091
400 0.62 39.4308
400 0.63 38.5939
400 0.64 37.7971
400 0.65 37.039
400 0.66 36.3182
400 0.67 35.6335
400 0.68 34.9836
400 0.69 34.3671
400 0.7 33.7828
400 0.71 33.2294
400 0.72 32.7057
400 0.73 32.2104
400 0.74 31.7425
400 0.75 31.3006
400 0.76 30.8837
400 0.77 30.4907
400 0.78 30.1205
400 0.79 29.7719
400 0.8 29.4441
400 0.81 29.136
400 0.82 28.8466
400 0.83 28.575
400 0.84 28.3203
400 0.85 28.0817
400 0.86 27.8582
400 0.87 27.6492
400 0.88 27.4537
400 0.89 27.2711
400 0.9 27.1006
400 0.91 26.9416
400 0.92 26.7934
400 0.93 26.6554
400 0.94 26.5269
400 0.95 26.4075
400 0.96 26.2965
400 0.97 26.1934
400 0.98 26.0977
400 0.99 26.009
400 1 25.9269
400 1.01 25.8508
400 1.02 25.7804
400 1.03 25.7154
400 1.04 25.6553
400 1.05 25.5999
400 1.06 25.5487
400 1.07 25.5016
400 1.08 25.4582
400 1.09 25.4183
400 1.1 25.3815
400 1.11 25.3478
400 1.12 25.3168
400 1.13 25.2884
400 1.14 25.2624
400 1.15 25.2385
400 1.16 25.2166
400 1.17 25.1967
400 1.18 25.1784
400 1.19 25.1617
400 1.2 25.1465
400 1.21 25.1326
400 1.22 25.12
400 1.23 25.1084
400 1.24 25.0979
400 1.25 25.0884
400 1.26 25.0798
400 1.27 25.0719
400 1.28 25.0648
400 1.29 25.0583
400 1.3 25.0524
400 1.31 25.0471
400 1.32 25.0423
400 1.33 25.038
400 1.34 25.0341
400 1.35 25.0306
400 1.36 25.0274
400 1.37 25.0245
400 1.38 25.0219
400 1.39 25.0196
400 1.4 25.0175
400 1.41 25.0156
400 1.42 25.0139
400 1.43 25.0124
400 1.44 25.0111
400 1.45 25.0099
400 1.46 25.0088
400 1.47 25.0078
400 1.48 25.0069
400 1.49 25.0061
400 1.5 25.0054
400 1.51 25.0048
400 1.52 25.0043
400 1.53 25.0038
400 1.54 25.0033
400 1.55 25.003
400 1.56 25.0026
400 1.57 25.0023
400 1.58 25.002
400 1.59 25.0018
400 1.6 25.0016
400 1.61 25.0014
400 1.62 25.0012
400 1.63 25.0011
400 1.64 25.0009
400 1.65 25.0008
400 1.66 25.0007
400 1.67 25.0006
400 1.68 25.0006
400 1.69 25.0005
400 1.7 25.0004
400 1.71 25.0004
400 1.72 25.0003
400 1.73 25.0003
400 1.74 25.0002
400 1.75 25.0002
400 1.76 25.0002
400 1.77 25.0002
400 1.78 25.0001
400 1.79 25.0001
400 1.8 25.0001
400 1.81 25.0001
400 1.82 25.0001
400 1.83 25.0001
400 1.84 25.0001
400 1.85 25.0001
400 1.86 25
400 1.87 25
400 1.88 25
400 1.89 25
400 1.9 25
400 1.91 25
400 1.92 25
400 1.93 25
400 1.94 25
400 1.95 25
400 1.96 25
400 1.97 25
400 1.98 25
400 1.99 25
400 2 25

500 0 200
500 0.01 196.335
500 0.02 192.708
500 0.03 189.104
500 0.04 185.52
500 0.05 181.955
500 0.06 178.41
500 0.07 174.887
500 0.08 171.387
500 0.09 167.91
500 0.1 164.46
500 0.11 161.037
500 0.12 157.643
500 0.13 154.28
500 0.14 150.949
500 0.15 147.651
500 0.16 144.39
500 0.17 141.164
500 0.18 137.978
500 0.19 134.83
500 0.2 131.724
500 0.21 128.659
500 0.22 125.638
500 0.23 122.661
500 0.24 119.73
500 0.25 116.845
500 0.26 114.007
500 0.27 111.218
500 0.28 108.477
500 0.29 105.787
500 0.3 103.147
500 0.31 100.557
500 0.32 98.0199
500 0.33 95.5342
500 0.34 93.1009
500 0.35 90.7203
500 0.36 88.3926
500 0.37 86.118
500 0.38 83.8967
500 0.39 81.7286
500 0.4 79.6138
500 0.41 77.5522
500 0.42 75.5436
500 0.43 73.588
500 0.44 71.685
500 0.45 69.8343
500 0.46 68.0356
500 0.47 66.2884
500 0.48 64.5924
500 0.49 62.947
500 0.5 61.3517
500 0.51 59.8059
500 0.52 58.3089
500 0.53 56.8601
500 0.54 55.4589
500 0.55 54.1043
500 0.56 52.7958
500 0.57 51.5324
500 0.58 50.3135
500 0.59 49.138
500 0.6 48.0053
500 0.61 46.9143
500 0.62 45.8642
500 0.63 44.854
500 0.64 43.8829
500 0.65 42.9498
500 0.66 42.054
500 0.67 41.1943
500 0.68 40.3698
500 0.69 39.5796
500 0.7 38.8227
500 0.71 38.0981
500 0.72 37.405
500 0.73 36.7422
500 0.74 36.109
500 0.75 35.5042
500 0.76 34.9271
500 0.77 34.3767
500 0.78 33.852
500 0.79 33.3522
500 0.8 32.8763
500 0.81 32.4236
500 0.82 31.9931
500 0.83 31.584
500 0.84 31.1954
500 0.85 30.8267
500 0.86 30.4769
500 0.87 30.1453
500 0.88 29.8311
500 0.89 29.5337
500 0.9 29.2522
500 0.91 28.986
500 0.92 28.7345
500 0.93 28.4969
500 0.94 28.2726
500 0.95 28.061
500 0.96 27.8615
500 0.97 27.6736
500 0.98 27.4966
500 0.99 27.3301
500 1 27.1734
500 1.01 27.0262
500 1.02 26.8879
500 1.03 26.7581
500 1.04 26.6362
500 1.05 26.522
500 1.06 26.415
500 1.07 26.3147
500 1.08 26.2209
500 1.09 26.1332
500 1.1 26.0512
500 1.11 25.9745
500 1.12 25.903
500 1.13 25.8362
500 1.14 25.7739
500 1.15 25.7159
500 1.16 25.6619
500 1.17 25.6116
500 1.18 25.5648
500 1.19 25.5212
500 1.2 25.4808
500 1.21 25.4433
500 1.22 25.4084
500 1.23 25.3761
500 1.24 25.3462
500 1.25 25.3184
500 1.26 25.2927
500 1.27 25.269
500 1.28 25.247
500 1.29 25.2267
500 1.3 25.2079
500 1.31 25.1906
500 1.32 25.1747
500 1.33 25.1599
500 1.34 25.1464
500 1.35 25.1339
500 1.36 25.1224
500 1.37 25.1118
500 1.38 25.1021
500 1.39 25.0932
500 1.4 25.085
500 1.41 25.0775
500 1.42 25.0706
500 1.43 25.0643
500 1.44 25.0585
500 1.45 25.0532
500 1.46 25.0484
500 1.47 25.0439
500 1.48 25.0399
500 1.49 25.0362
500 1.5 25.0328
500 1.51 25.0298
500 1.52 25.027
500 1.53 25.0244
500 1.54 25.0221
500 1.55 25.02
500 1.56 25.0181
500 1.57 25.0163
500 1.58 25.0147
500 1.59 25.0133
500 1.6 25.012
500 1.61 25.0108
500 1.62 25.0097
500 1.63 25.0088
500 1.64 25.0079
500 1.65 25.0071
500 1.66 25.0064
500 1.67 25.0057
500 1.68 25.0051
500 1.69 25.0046
500 1.7 25.0041
500 1.71 25.0037
500 1.72 25.0033
500 1.73 25.003
500 1.74 25.0027
500 1.75 25.0024
500 1.76 25.0021
500 1.77 25.0019
500 1.78 25.0017
500 1.79 25.0015
500 1.8 25.0014
500 1.81 25.0012
500 1.82 25.0011
500 1.83 25.001
500 1.84 25.0009
500 1.85 25.0008
500 1.86 25.0007
500 1.87 25.0006
500 1.88 25.0006
500 1.89 25.0005
500 1.9 25.0004
500 1.91 25.0004
500 1.92 25.0004
500 1.93 25.0003
500 1.94 25.0003
500 1.95 25.0003
500 1.96 25.0003
500 1.97 25.0003
500 1.98 25.0002
500 1.99 25.0002
500 2 25.0002

600 0 200
600 0.01 196.624
600 0.02 193.286
600 0.03 189.969
600 0.04 186.672
600 0.05 183.391
600 0.06 180.129
600 0.07 176.885
600 0.08 173.66
600 0.09 170.455
600 0.1 167.272
600 0.11 164.112
600 0.12 160.976
600 0.13 157.865
600 0.14 154.78
600 0.15 151.723
600 0.16 148.694
600 0.17 145.695
600 0.18 142.727
600 0.19 139.791
600 0.2 136.888
600 0.21 134.019
600 0.22 131.185
600 0.23 128.386
600 0.24 125.624
600 0.25 122.9
600 0.26 120.214
600 0.27 117.567
600 0.28 114.959
600 0.29 112.392
600 0.3 109.866
600 0.31 107.382
600 0.32 104.939
600 0.33 102.539
600 0.34 100.182
600 0.35 97.8678
600 0.36 95.5975
600 0.37 93.371
600 0.38 91.1885
600 0.39 89.0503
600 0.4 86.9566
600 0.41 84.9073
600 0.42 82.9026
600 0.43 80.9424
600 0.44 79.0267
600 0.45 77.1554
600 0.46 75.3285
600 0.47 73.5457
600 0.48 71.8069
600 0.49 70.1118
600 0.5 68.4601
600 0.51 66.8515
600 0.52 65.2858
600 0.53 63.7624
600 0.54 62.2811
600 0.55 60.8413
600 0.56 59.4427
600 0.57 58.0847
600 0.58 56.7667
600 0.59 55.4884
600 0.6 54.249
600 0.61 53.0481
600 0.62 51.885
600 0.63 50.759
600 0.64 49.6697
600 0.65 48.6162
600 0.66 47.5979
600 0.67 46.6142
600 0.68 45.6644
600 0.69 44.7477
600 0.7 43.8634
600 0.71 43.0109
600 0.72 42.1894
600 0.73 41.3982
600 0.74 40.6365
600 0.75 39.9036
600 0.76 39.1989
600 0.77 38.5215
600 0.78 37.8707
600 0.79 37.2457
600 0.8 36.646
600 0.81 36.0707
600 0.82 35.5191
600 0.83 34.9906
600 0.84 34.4844
600 0.85 33.9997
600 0.86 33.5361
600 0.87 33.0926
600 0.88 32.6688
600 0.89 32.2639
600 0.9 31.8772
600 0.91 31.5082
600 0.92 31.1562
600 0.93 30.8206
600 0.94 30.5008
600 0.95 30.1963
600 0.96 29.9063
600 0.97 29.6304
600 0.98 29.368
600 0.99 29.1187
600 1 28.8818
600 1.01 28.6568
600 1.02 28.4433
600 1.03 28.2408
600 1.04 28.0488
600 1.05 27.8668
600 1.06 27.6945
600 1.07 27.5313
600 1.08 27.377
600 1.09 27.231
600 1.1 27.093
600 1.11 26.9627
600 1.12 26.8396
600 1.13 26.7234
600 1.14 26.6139
600 1.15 26.5105
600 1.16 26.4132
600 1.17 26.3215
600 1.18 26.2352
600 1.19 26.154
600 1.2 26.0776
600 1.21 26.0058
600 1.22 25.9384
600 1.23 25.875
600 1.24 25.8156
600 1.25 25.7598
600 1.26 25.7076
600 1.27 25.6586
600 1.28 25.6127
600 1.29 25.5697
600 1.3 25.5295
600 1.31 25.492
600 1.32 25.4568
600 1.33 25.424
600 1.34 25.3934
600 1.35 25.3648
600 1.36 25.3381
600 1.37 25.3132
600 1.38 25.29
600 1.39 25.2684
600 1.4 25.2483
600 1.41 25.2296
600 1.42 25.2122
600 1.43 25.196
600 1.44 25.181
600 1.45 25.1671
600 1.46 25.1541
600 1.47 25.1421
600 1.48 25.131
600 1.49 25.1206
600 1.5 25.1111
600 1.51 25.1022
600 1.52 25.094
600 1.53 25.0865
600 1.54 25.0795
600 1.55 25.073
600 1.56 25.067
600 1.57 25.0615
600 1.58 25.0564
600 1.59 25.0517
600 1.6 25.0474
600 1.61 25.0434
600 1.62 25.0398
600 1.63 25.0364
600 1.64 25.0333
600 1.65 25.0304
600 1.66 25.0278
600 1.67 25.0254
600 1.68 25.0232
600 1.69 25.0212
600 1.7 25.0193
600 1.71 25.0176
600 1.72 25.0161
600 1.73 25.0146
600 1.74 25.0133
600 1.75 25.0121
600 1.76 25.0111
600 1.77 25.0101
600 1.78 25.0092
600 1.79 25.0083
600 1.8 25.0076
600 1.81 25.0069
600 1.82 25.0063
600 1.83 25.0057
600 1.84 25.0052
600 1.85 25.0048
600 1.86 25.0044
600 1.87 25.004
600 1.88 25.0037
600 1.89 25.0034
600 1.9 25.0031
600 1.91 25.0029
600 1.92 25.0027
600 1.93 25.0025
600 1.94 25.0023
600 1.95 25.0022
600 1.96 25.0021
600 1.97 25.002
600 1.98 25.002
600 1.99 25.002
600 2 25.0019

700 0 200
700 0.01 196.847
700 0.02 193.731
700 0.03 190.637
700 0.04 187.56
700 0.05 184.5
700 0.06 181.456
700 0.07 178.428
700 0.08 175.417
700 0.09 172.424
700 0.1 169.45
700 0.11 166.495
700 0.12 163.561
700 0.13 160.649
700 0.14 157.759
700 0.15 154.892
700 0.16 152.05
700 0.17 149.233
700 0.18 146.442
700 0.19 143.677
700 0.2 140.94
700 0.21 138.232
700 0.22 135.553
700 0.23 132.904
700 0.24 130.286
700 0.25 127.699
700 0.26 125.144
700 0.27 122.622
700 0.28 120.133
700 0.29 117.678
700 0.3 115.257
700 0.31 112.871
700 0.32 110.52
700 0.33 108.205
700 0.34 105.927
700 0.35 103.685
700 0.36 101.479
700 0.37 99.3111
700 0.38 97.1803
700 0.39 95.0872
700 0.4 93.0319
700 0.41 91.0146
700 0.42 89.0354
700 0.43 87.0944
700 0.44 85.1917
700 0.45 83.3273
700 0.46 81.5012
700 0.47 79.7135
700 0.48 77.9639
700 0.49 76.2524
700 0.5 74.579
700 0.51 72.9434
700 0.52 71.3455
700 0.53 69.7851
700 0.54 68.262
700 0.55 66.7758
700 0.56 65.3263
700 0.57 63.9133
700 0.58 62.5364
700 0.59 61.1952
700 0.6 59.8893
700 0.61 58.6185
700 0.62 57.3822
700 0.63 56.1801
700 0.64 55.0117
700 0.65 53.8766
700 0.66 52.7743
700 0.67 51.7042
700 0.68 50.666
700 0.69 49.659
700 0.7 48.6829
700 0.71 47.7369
700 0.72 46.8207
700 0.73 45.9336
700 0.74 45.0751
700 0.75 44.2446
700 0.76 43.4416
700 0.77 42.6655
700 0.78 41.9157
700 0.79 41.1917
700 0.8 40.4928
700 0.81 39.8185
700 0.82 39.1682
700 0.83 38.5413
700 0.84 37.9372
700 0.85 37.3553
700 0.86 36.7952
700 0.87 36.2562
700 0.88 35.7376
700 0.89 35.2391
700 0.9 34.76
700 0.91 34.2997
700 0.92 33.8577
700 0.93 33.4335
700 0.94 33.0265
700 0.95 32.6362
700 0.96 32.2621
700 0.97 31.9036
700 0.98 31.5603
700 0.99 31.2316
700 1 30.9171
700 1.01 30.6163
700 1.02 30.3287
700 1.03 30.0539
700 1.04 29.7913
700 1.05 29.5407
700 1.06 29.3014
700 1.07 29.0732
700 1.08 28.8556
700 1.09 28.6481
700 1.1 28.4505
700 1.11 28.2623
700 1.12 28.0831
700 1.13 27.9127
700 1.14 27.7505
700 1.15 27.5964
700 1.16 27.4499
700 1.17 27.3108
700 1.18 27.1787
700 1.19 27.0534
700 1.2 26.9345
700 1.21 26.8218
700 1.22 26.7149
700 1.23 26.6137
700 1.24 26.5178
700 1.25 26.4271
700 1.26 26.3412
700 1.27 26.2601
700 1.28 26.1833
700 1.29 26.1108
700 1.3 26.0423
700 1.31 25.9777
700 1.32 25.9167
700 1.33 25.8591
700 1.34 25.8049
700 1.35 25.7537
700 1.36 25.7056
700 1.37 25.6602
700 1.38 25.6175
700 1.39 25.5774
700 1.4 25.5396
700 1.41 25.5041
700 1.42 25.4707
700 1.43 25.4394
700 1.44 25.41
700 1.45 25.3824
700 1.46 25.3566
700 1.47 25.3323
700 1.48 25.3096
700 1.49 25.2883
700 1.5 25.2683
700 1.51 25.2497
700 1.52 25.2322
700 1.53 25.2159
700 1.54 25.2006
700 1.55 25.1864
700 1.56 25.1731
700 1.57 25.1607
700 1.58 25.1491
700 1.59 25.1383
700 1.6 25.1282
700 1.61 25.1188
700 1.62 25.1101
700 1.63 25.1019
700 1.64 25.0944
700 1.65 25.0873
700 1.66 25.0808
700 1.67 25.0747
700 1.68 25.0691
700 1.69 25.0638
700 1.7 25.059
700 1.71 25.0545
700 1.72 25.0503
700 1.73 25.0464
700 1.74 25.0429
700 1.75 25.0396
700 1.76 25.0365
700 1.77 25.0337
700 1.78 25.0311
700 1.79 25.0287
700 1.8 25.0265
700 1.81 25.0245
700 1.82 25.0226
700 1.83 25.0209
700 1.84 25.0194
700 1.85 25.018
700 1.86 25.0167
700 1.87 25.0155
700 1.88 25.0144
700 1.89 25.0135
700 1.9 25.0126
700 1.91 25.0119
700 1.92 25.0112
700 1.93 25.0107
700 1.94 25.0102
700 1.95 25.0098
700 1.96 25.0094
700 1.97 25.0092
700 1.98 25.009
700 1.99 25.0089
700 2 25.0088

800 0 200
800 0.01 197.026
800 0.02 194.088
800 0.03 191.171
800 0.04 188.271
800 0.05 185.387
800 0.06 182.518
800 0.07 179.663
800 0.08 176.825
800 0.09 174.002
800 0.1 171.197
800 0.11 168.408
800 0.12 165.638
800 0.13 162.887
800 0.14 160.156
800 0.15 157.445
800 0.16 154.755
800 0.17 152.088
800 0.18 149.442
800 0.19 146.82
800 0.2 144.222
800 0.21 141.649
800 0.22 139.101
800 0.23 136.579
800 0.24 134.083
800 0.25 131.614
800 0.26 129.173
800 0.27 126.759
800 0.28 124.375
800 0.29 122.02
800 0.3 119.694
800 0.31 117.398
800 0.32 115.133
800 0.33 112.898
800 0.34 110.695
800 0.35 108.523
800 0.36 106.383
800 0.37 104.275
800 0.38 102.199
800 0.39 100.157
800 0.4 98.1466
800 0.41 96.1696
800 0.42 94.2259
800 0.43 92.3154
800 0.44 90.4384
800 0.45 88.5949
800 0.46 86.7851
800 0.47 85.0088
800 0.48 83.2662
800 0.49 81.5572
800 0.5 79.8819
800 0.51 78.24
800 0.52 76.6317
800 0.53 75.0567
800 0.54 73.5149
800 0.55 72.0063
800 0.56 70.5306
800 0.57 69.0876
800 0.58 67.6772
800 0.59 66.2991
800 0.6 64.9531
800 0.61 63.639
800 0.62 62.3564
800 0.63 61.105
800 0.64 59.8846
800 0.65 58.6949
800 0.66 57.5355
800 0.67 56.406
800 0.68 55.3061
800 0.69 54.2354
800 0.7 53.1936
800 0.71 52.1802
800 0.72 51.1948
800 0.73 50.2371
800 0.74 49.3065
800 0.75 48.4028
800 0.76 47.5253
800 0.77 46.6737
800 0.78 45.8476
800 0.79 45.0464
800 0.8 44.2697
800 0.81 43.5171
800 0.82 42.7881
800 0.83 42.0821
800 0.84 41.3988
800 0.85 40.7376
800 0.86 40.0982
800 0.87 39.4799
800 0.88 38.8823
800 0.89 38.305
800 0.9 37.7475
800 0.91 37.2093
800 0.92 36.6899
800 0.93 36.1889
800 0.94 35.7057
800 0.95 35.2401
800 0.96 34.7913
800 0.97 34.3591
800 0.98 33.943
800 0.99 33.5425
800 1 33.1572
800 1.01 32.7867
800 1.02 32.4304
800 1.03 32.0881
800 1.04 31.7592
800 1.05 31.4434
800 1.06 31.1403
800 1.07 30.8495
800 1.08 30.5705
800 1.09 30.303
800 1.1 30.0467
800 1.11 29.8011
800 1.12 29.5659
800 1.13 29.3407
800 1.14 29.1252
800 1.15 28.9191
800 1.16 28.722
800 1.17 28.5336
800 1.18 28.3535
800 1.19 28.1816
800 1.2 28.0174
800 1.21 27.8607
800 1.22 27.7112
800 1.23 27.5686
800 1.24 27.4327
800 1.25 27.3032
800 1.26 27.1798
800 1.27 27.0623
800 1.28 26.9505
800 1.29 26.8441
800 1.3 26.7429
800 1.31 26.6466
800 1.32 26.5552
800 1.33 26.4683
800 1.34 26.3858
800 1.35 26.3074
800 1.36 26.2331
800 1.37 26.1626
800 1.38 26.0957
800 1.39 26.0323
800 1.4 25.9723
800 1.41 25.9154
800 1.42 25.8615
800 1.43 25.8105
800 1.44 25.7623
800 1.45 25.7167
800 1.46 25.6736
800 1.47 25.6329
800 1.48 25.5944
800 1.49 25.5581
800 1.5 25.5238
800 1.51 25.4914
800 1.52 25.4609
800 1.53 25.4321
800 1.54 25.405
800 1.55 25.3795
800 1.56 25.3554
800 1.57 25.3328
800 1.58 25.3115
800 1.59 25.2915
800 1.6 25.2726
800 1.61 25.2549
800 1.62 25.2383
800 1.63 25.2227
800 1.64 25.2081
800 1.65 25.1943
800 1.66 25.1815
800 1.67 25.1694
800 1.68 25.1581
800 1.69 25.1475
800 1.7 25.1376
800 1.71 25.1284
800 1.72 25.1197
800 1.73 25.1116
800 1.74 25.1041
800 1.75 25.0971
800 1.76 25.0905
800 1.77 25.0845
800 1.78 25.0788
800 1.79 25.0735
800 1.8 25.0687
800 1.81 25.0642
800 1.82 25.06
800 1.83 25.0561
800 1.84 25.0526
800 1.85 25.0493
800 1.86 25.0464
800 1.87 25.0436
800 1.88 25.0412
800 1.89 25.0389
800 1.9 25.0369
800 1.91 25.0351
800 1.92 25.0336
800 1.93 25.0322
800 1.94 25.031
800 1.95 25.03
800 1.96 25.0292
800 1.97 25.0286
800 1.98 25.0281
800 1.99 25.0279
800 2 25.0278

900 0 200
900 0.01 197.172
900 0.02 194.38
900 0.03 191.61
900 0.04 188.856
900 0.05 186.116
900 0.06 183.391
900 0.07 180.68
900 0.08 177.983
900 0.09 175.301
900 0.1 172.635
900 0.11 169.985
900 0.12 167.351
900 0.13 164.734
900 0.14 162.135
900 0.15 159.554
900 0.16 156.992
900 0.17 154.45
900 0.18 151.928
900 0.19 149.426
900 0.2 146.946
900 0.21 144.487
900 0.22 142.05
900 0.23 139.637
900 0.24 137.247
900 0.25 134.88
900 0.26 132.538
900 0.27 130.22
900 0.28 127.928
900 0.29 125.661
900 0.3 123.421
900 0.31 121.206
900 0.32 119.019
900 0.33 116.858
900 0.34 114.725
900 0.35 112.619
900 0.36 110.542
900 0.37 108.493
900 0.38 106.472
900 0.39 104.48
900 0.4 102.517
900 0.41 100.584
900 0.42 98.6793
900 0.43 96.8045
900 0.44 94.9592
900 0.45 93.1437
900 0.46 91.358
900 0.47 89.6022
900 0.48 87.8764
900 0.49 86.1806
900 0.5 84.5148
900 0.51 82.879
900 0.52 81.2732
900 0.53 79.6973
900 0.54 78.1514
900 0.55 76.6352
900 0.56 75.1488
900 0.57 73.692
900 0.58 72.2648
900 0.59 70.8668
900 0.6 69.4981
900 0.61 68.1585
900 0.62 66.8477
900 0.63 65.5655
900 0.64 64.3118
900 0.65 63.0862
900 0.66 61.8887
900 0.67 60.7189
900 0.68 59.5765
900 0.69 58.4614
900 0.7 57.3731
900 0.71 56.3114
900 0.72 55.276
900 0.73 54.2666
900 0.74 53.2828
900 0.75 52.3244
900 0.76 51.3909
900 0.77 50.4821
900 0.78 49.5976
900 0.79 48.7369
900 0.8 47.8999
900 0.81 47.086
900 0.82 46.2948
900 0.83 45.5262
900 0.84 44.7795
900 0.85 44.0545
900 0.86 43.3507
900 0.87 42.6678
900 0.88 42.0054
900 0.89 41.363
900 0.9 40.7403
900 0.91 40.1369
900 0.92 39.5523
900 0.93 38.9862
900 0.94 38.4381
900 0.95 37.9078
900 0.96 37.3947
900 0.97 36.8985
900 0.98 36.4188
900 0.99 35.9551
900 1 35.5072
900 1.01 35.0746
900 1.02 34.6569
900 1.03 34.2538
900 1.04 33.8649
900 1.05 33.4897
900 1.06 33.128
900 1.07 32.7794
900 1.08 32.4435
900 1.09 32.12
900 1.1 31.8085
900 1.11 31.5086
900 1.12 31.2201
900 1.13 30.9425
900 1.14 30.6757
900 1.15 30.4192
900 1.16 30.1727
900 1.17 29.9359
900 1.18 29.7085
900 1.19 29.4902
900 1.2 29.2808
900 1.21 29.0799
900 1.22 28.8872
900 1.23 28.7025
900 1.24 28.5255
900 1.25 28.3559
900 1.26 28.1935
900 1.27 28.038
900 1.28 27.8892
900 1.29 27.7469
900 1.3 27.6108
900 1.31 27.4806
900 1.32 27.3562
900 1.33 27.2374
900 1.34 27.1239
900 1.35 27.0156
900 1.36 26.9121
900 1.37 26.8135
900 1.38 26.7194
900 1.39 26.6296
900 1.4 26.5441
900 1.41 26.4626
900 1.42 26.385
900 1.43 26.3112
900 1.44 26.2408
900 1.45 26.1739
900 1.46 26.1103
900 1.47 26.0498
900 1.48 25.9922
900 1.49 25.9376
900 1.5 25.8857
900 1.51 25.8364
900 1.52 25.7896
900 1.53 25.7453
900 1.54 25.7032
900 1.55 25.6633
900 1.56 25.6255
900 1.57 25.5896
900 1.58 25.5557
900 1.59 25.5236
900 1.6 25.4932
900 1.61 25.4645
900 1.62 25.4373
900 1.63 25.4116
900 1.64 25.3874
900 1.65 25.3645
900 1.66 25.3429
900 1.67 25.3225
900 1.68 25.3033
900 1.69 25.2852
900 1.7 25.2681
900 1.71 25.2521
900 1.72 25.237
900 1.73 25.2228
900 1.74 25.2095
900 1.75 25.197
900 1.76 25.1853
900 1.77 25.1743
900 1.78 25.1641
900 1.79 25.1545
900 1.8 25.1456
900 1.81 25.1372
900 1.82 25.1295
900 1.83 25.1223
900 1.84 25.1157
900 1.85 25.1096
900 1.86 25.1039
900 1.87 25.0988
900 1.88 25.0941
900 1.89 25.0898
900 1.9 25.0859
900 1.91 25.0825
900 1.92 25.0794
900 1.93 25.0768
900 1.94 25.0745
900 1.95 25.0725
900 1.96 25.071
900 1.97 25.0697
900 1.98 25.0689
900 1.99 25.0683
900 2 25.0681

